"lek","gaps","convg","cost.type","Y.cost.vals.1."
"file5adc4d355b60song.seq_LK1_SongsSeq.fa",38,"Y","increasing","1_1.4_2"
"file5adc3882ec82song.seq_LK2_SongsSeq.fa",40,"Y","increasing","1_1.4_2"
"file5adc4626eff9song.seq_LK3_SongsSeq.fa",32,"Y","increasing","1_1.4_2"
"file5adc4e79b106song.seq_LK4_SongsSeq.fa",36,"N","increasing","1_1.4_2"
"file5adc441acf1dsong.seq_LK5_SongsSeq.fa",28,"Y","increasing","1_1.4_2"
"file5adc74bf6682song.seq_LK6_SongsSeq.fa",14,"Y","increasing","1_1.4_2"
"file5adc416a475asong.seq_LK7_SongsSeq.fa",34,"Y","increasing","1_1.4_2"
"file5adc6bd74f2fsong.seq_LK8_SongsSeq.fa",30,"Y","increasing","1_1.4_2"
"file5adc3f0ad1dasong.seq_LK9_SongsSeq.fa",40,"Y","increasing","1_1.4_2"
"file5adcc992ee4song.seq_LK10_SongsSeq.fa",35,"N","increasing","1_1.4_2"
"file5adc51612942song.seq_LK11_SongsSeq.fa",28,"Y","increasing","1_1.4_2"
"file5adc379c59a1song.seq_LK1_SongsSeq.fa",30,"Y","increasing","1_1.4_2"
"file5adc65f3579bsong.seq_LK2_SongsSeq.fa",40,"Y","increasing","1_1.4_2"
"file5adced62025song.seq_LK3_SongsSeq.fa",40,"Y","increasing","1_1.4_2"
"file5adc3a4d5694song.seq_LK4_SongsSeq.fa",40,"N","increasing","1_1.4_2"
"file5adc1df14826song.seq_LK5_SongsSeq.fa",35,"Y","increasing","1_1.4_2"
"file5adc4ba62b85song.seq_LK6_SongsSeq.fa",35,"Y","increasing","1_1.4_2"
"file5adc1f3e3414song.seq_LK7_SongsSeq.fa",35,"Y","increasing","1_1.4_2"
"file5adc25daa53esong.seq_LK8_SongsSeq.fa",30,"N","increasing","1_1.4_2"
"file5adc40877be6song.seq_LK9_SongsSeq.fa",40,"N","increasing","1_1.4_2"
"file5adc639ef1aesong.seq_LK10_SongsSeq.fa",31,"Y","increasing","1_1.4_2"
"file5adc51c8721bsong.seq_LK11_SongsSeq.fa",37,"N","increasing","1_1.4_2"
"file5adca45321fsong.seq_LK1_SongsSeq.fa",36,"Y","increasing","1_1.4_2"
"file5adc997d602song.seq_LK2_SongsSeq.fa",29,"Y","increasing","1_1.4_2"
"file5adc168cc8a9song.seq_LK3_SongsSeq.fa",40,"N","increasing","1_1.4_2"
"file5adc53cef18song.seq_LK4_SongsSeq.fa",36,"Y","increasing","1_1.4_2"
"file5adc7a2c67edsong.seq_LK5_SongsSeq.fa",20,"Y","increasing","1_1.4_2"
"file5adc19792c77song.seq_LK6_SongsSeq.fa",35,"Y","increasing","1_1.4_2"
"file5adc465dce0asong.seq_LK7_SongsSeq.fa",25,"Y","increasing","1_1.4_2"
"file5adc334ff2c0song.seq_LK8_SongsSeq.fa",32,"N","increasing","1_1.4_2"
"file5adc45794a72song.seq_LK9_SongsSeq.fa",40,"Y","increasing","1_1.4_2"
"file5adc1393296asong.seq_LK10_SongsSeq.fa",33,"Y","increasing","1_1.4_2"
"file5adc6bd2df42song.seq_LK11_SongsSeq.fa",15,"Y","increasing","1_1.4_2"
"file5adcba03a6csong.seq_LK1_SongsSeq.fa",35,"N","increasing","1_1.4_2"
"file5adc620cda70song.seq_LK2_SongsSeq.fa",40,"N","increasing","1_1.4_2"
"file5adc2fedae60song.seq_LK3_SongsSeq.fa",40,"Y","increasing","1_1.4_2"
"file5adc5fa0eesong.seq_LK4_SongsSeq.fa",40,"Y","increasing","1_1.4_2"
"file5adc237721cbsong.seq_LK5_SongsSeq.fa",25,"N","increasing","1_1.4_2"
"file5adc1bc4fd8fsong.seq_LK6_SongsSeq.fa",33,"Y","increasing","1_1.4_2"
"file5adc3f6a72c9song.seq_LK7_SongsSeq.fa",35,"Y","increasing","1_1.4_2"
"file5adc301050afsong.seq_LK8_SongsSeq.fa",28,"Y","increasing","1_1.4_2"
"file5adc6d2626d1song.seq_LK9_SongsSeq.fa",40,"N","increasing","1_1.4_2"
"file5adc7706cc6asong.seq_LK10_SongsSeq.fa",34,"Y","increasing","1_1.4_2"
"file5adc1603a84asong.seq_LK11_SongsSeq.fa",38,"N","increasing","1_1.4_2"
"file5adc7bfc46f6song.seq_LK1_SongsSeq.fa",36,"Y","increasing","1_1.4_2"
"file5adc315422fesong.seq_LK2_SongsSeq.fa",40,"Y","increasing","1_1.4_2"
"file5adc33f4f070song.seq_LK3_SongsSeq.fa",40,"Y","increasing","1_1.4_2"
"file5adc47a2727bsong.seq_LK4_SongsSeq.fa",40,"Y","increasing","1_1.4_2"
"file5adc50925712song.seq_LK5_SongsSeq.fa",37,"Y","increasing","1_1.4_2"
"file5adc59cf95aesong.seq_LK6_SongsSeq.fa",30,"Y","increasing","1_1.4_2"
"file5adc829ee61song.seq_LK7_SongsSeq.fa",32,"Y","increasing","1_1.4_2"
"file5adc343148c1song.seq_LK8_SongsSeq.fa",35,"Y","increasing","1_1.4_2"
"file5adc2b9807c9song.seq_LK9_SongsSeq.fa",40,"Y","increasing","1_1.4_2"
"file5adc126f2081song.seq_LK10_SongsSeq.fa",39,"Y","increasing","1_1.4_2"
"file5adc3dc91ec3song.seq_LK11_SongsSeq.fa",32,"Y","increasing","1_1.4_2"
"file5adc4224d072song.seq_LK1_SongsSeq.fa",26,"Y","increasing","1_1.4_2"
"file5adc17ac0f99song.seq_LK2_SongsSeq.fa",40,"Y","increasing","1_1.4_2"
"file5adc37f586b0song.seq_LK3_SongsSeq.fa",36,"Y","increasing","1_1.4_2"
"file5adc5b9dfceasong.seq_LK4_SongsSeq.fa",40,"Y","increasing","1_1.4_2"
"file5adc5e09dda3song.seq_LK5_SongsSeq.fa",33,"Y","increasing","1_1.4_2"
"file5adc6b457970song.seq_LK6_SongsSeq.fa",30,"N","increasing","1_1.4_2"
"file5adc2117475csong.seq_LK7_SongsSeq.fa",35,"Y","increasing","1_1.4_2"
"file5adc719d070esong.seq_LK8_SongsSeq.fa",32,"N","increasing","1_1.4_2"
"file5adc571858b3song.seq_LK9_SongsSeq.fa",40,"Y","increasing","1_1.4_2"
"file5adc2cb781c8song.seq_LK10_SongsSeq.fa",34,"N","increasing","1_1.4_2"
"file5adc53a9e17esong.seq_LK11_SongsSeq.fa",12,"Y","increasing","1_1.4_2"
"file5adc7060713song.seq_LK1_SongsSeq.fa",36,"N","increasing","1_1.4_2"
"file5adc2d1722b7song.seq_LK2_SongsSeq.fa",40,"N","increasing","1_1.4_2"
"file5adc77210349song.seq_LK3_SongsSeq.fa",40,"Y","increasing","1_1.4_2"
"file5adc22cb04a2song.seq_LK4_SongsSeq.fa",36,"Y","increasing","1_1.4_2"
"file5adc6c819580song.seq_LK5_SongsSeq.fa",23,"Y","increasing","1_1.4_2"
"file5adc273153f8song.seq_LK6_SongsSeq.fa",29,"Y","increasing","1_1.4_2"
"file5adcff12b73song.seq_LK7_SongsSeq.fa",32,"Y","increasing","1_1.4_2"
"file5adc638861easong.seq_LK8_SongsSeq.fa",24,"N","increasing","1_1.4_2"
"file5adc3d34fc42song.seq_LK9_SongsSeq.fa",40,"N","increasing","1_1.4_2"
"file5adcbed726asong.seq_LK10_SongsSeq.fa",40,"Y","increasing","1_1.4_2"
"file5adc14dc84e8song.seq_LK11_SongsSeq.fa",27,"Y","increasing","1_1.4_2"
"file5adc7129ecb2song.seq_LK1_SongsSeq.fa",26,"Y","increasing","1_1.4_2"
"file5adc538fe4e5song.seq_LK2_SongsSeq.fa",32,"Y","increasing","1_1.4_2"
"file5adc656edbfbsong.seq_LK3_SongsSeq.fa",37,"Y","increasing","1_1.4_2"
"file5adc4af98260song.seq_LK4_SongsSeq.fa",40,"N","increasing","1_1.4_2"
"file5adc5bb9d347song.seq_LK5_SongsSeq.fa",22,"N","increasing","1_1.4_2"
"file5adc19a024bcsong.seq_LK6_SongsSeq.fa",18,"Y","increasing","1_1.4_2"
"file5adc76918a2asong.seq_LK7_SongsSeq.fa",40,"Y","increasing","1_1.4_2"
"file5adc6e28f3c8song.seq_LK8_SongsSeq.fa",40,"Y","increasing","1_1.4_2"
"file5adc5769437fsong.seq_LK9_SongsSeq.fa",40,"N","increasing","1_1.4_2"
"file5adc38b65a9csong.seq_LK10_SongsSeq.fa",34,"Y","increasing","1_1.4_2"
"file5adc5d50361song.seq_LK11_SongsSeq.fa",32,"N","increasing","1_1.4_2"
"file5adcf5eca30song.seq_LK1_SongsSeq.fa",38,"Y","increasing","1_1.4_2"
"file5adc14545786song.seq_LK2_SongsSeq.fa",40,"N","increasing","1_1.4_2"
"file5adc63dee105song.seq_LK3_SongsSeq.fa",36,"N","increasing","1_1.4_2"
"file5adc7aa443a0song.seq_LK4_SongsSeq.fa",40,"Y","increasing","1_1.4_2"
"file5adc356b9ee3song.seq_LK5_SongsSeq.fa",30,"Y","increasing","1_1.4_2"
"file5adc557be813song.seq_LK6_SongsSeq.fa",33,"Y","increasing","1_1.4_2"
"file5adc51bc9c53song.seq_LK7_SongsSeq.fa",29,"Y","increasing","1_1.4_2"
"file5adc622320absong.seq_LK8_SongsSeq.fa",40,"N","increasing","1_1.4_2"
"file5adc2925c991song.seq_LK9_SongsSeq.fa",40,"Y","increasing","1_1.4_2"
"file5adc58c2a366song.seq_LK10_SongsSeq.fa",32,"Y","increasing","1_1.4_2"
"file5adcf3a4362song.seq_LK11_SongsSeq.fa",27,"Y","increasing","1_1.4_2"
"file5adc2046ccdbsong.seq_LK1_SongsSeq.fa",31,"N","increasing","1_1.4_2"
"file5adc7b8da808song.seq_LK2_SongsSeq.fa",40,"Y","increasing","1_1.4_2"
"file5adc7bbbd8e2song.seq_LK3_SongsSeq.fa",40,"Y","increasing","1_1.4_2"
"file5adc477820d3song.seq_LK4_SongsSeq.fa",40,"N","increasing","1_1.4_2"
"file5adcb7ed37csong.seq_LK5_SongsSeq.fa",31,"Y","increasing","1_1.4_2"
"file5adc5f443accsong.seq_LK6_SongsSeq.fa",38,"Y","increasing","1_1.4_2"
"file5adc4ad1d16song.seq_LK7_SongsSeq.fa",32,"Y","increasing","1_1.4_2"
"file5adc176c45e6song.seq_LK8_SongsSeq.fa",36,"N","increasing","1_1.4_2"
"file5adc7420bfb5song.seq_LK9_SongsSeq.fa",40,"Y","increasing","1_1.4_2"
"file5adc75d709c8song.seq_LK10_SongsSeq.fa",33,"Y","increasing","1_1.4_2"
"file5adc6afc2acbsong.seq_LK11_SongsSeq.fa",24,"Y","increasing","1_1.4_2"
"file5adc598f9bb0song.seq_LK1_SongsSeq.fa",35,"Y","increasing","1_1.4_2"
"file5adc40d08c29song.seq_LK2_SongsSeq.fa",39,"Y","increasing","1_1.4_2"
"file5adc46b5fe12song.seq_LK3_SongsSeq.fa",40,"Y","increasing","1_1.4_2"
"file5adc732fc06csong.seq_LK4_SongsSeq.fa",35,"Y","increasing","1_1.4_2"
"file5adc37621653song.seq_LK5_SongsSeq.fa",23,"Y","increasing","1_1.4_2"
"file5adc34def1dasong.seq_LK6_SongsSeq.fa",39,"Y","increasing","1_1.4_2"
"file5adc4a9903ebsong.seq_LK7_SongsSeq.fa",34,"N","increasing","1_1.4_2"
"file5adc701870efsong.seq_LK8_SongsSeq.fa",40,"N","increasing","1_1.4_2"
"file5adc3ab3f53csong.seq_LK9_SongsSeq.fa",40,"Y","increasing","1_1.4_2"
"file5adc59f7ce1bsong.seq_LK10_SongsSeq.fa",40,"Y","increasing","1_1.4_2"
"file5adc46cc876song.seq_LK11_SongsSeq.fa",32,"Y","increasing","1_1.4_2"
"file5adc1e92d641song.seq_LK1_SongsSeq.fa",32,"Y","increasing","1_1.4_2"
"file5adc549c11bcsong.seq_LK2_SongsSeq.fa",35,"N","increasing","1_1.4_2"
"file5adc39d86759song.seq_LK3_SongsSeq.fa",40,"N","increasing","1_1.4_2"
"file5adc740ebe54song.seq_LK4_SongsSeq.fa",28,"N","increasing","1_1.4_2"
"file5adc2658ae0fsong.seq_LK5_SongsSeq.fa",14,"Y","increasing","1_1.4_2"
"file5adc1bfb8804song.seq_LK6_SongsSeq.fa",17,"Y","increasing","1_1.4_2"
"file5adc1d3487e5song.seq_LK7_SongsSeq.fa",40,"Y","increasing","1_1.4_2"
"file5adc7f1b5176song.seq_LK8_SongsSeq.fa",23,"N","increasing","1_1.4_2"
"file5adc2b35cb67song.seq_LK9_SongsSeq.fa",40,"Y","increasing","1_1.4_2"
"file5adc3d7b54c0song.seq_LK10_SongsSeq.fa",24,"Y","increasing","1_1.4_2"
"file5adc7aa8f97esong.seq_LK11_SongsSeq.fa",17,"Y","increasing","1_1.4_2"
"file5adc26f1a449song.seq_LK1_SongsSeq.fa",35,"N","increasing","1_1.4_2"
"file5adc4f37594song.seq_LK2_SongsSeq.fa",36,"Y","increasing","1_1.4_2"
"file5adc627ccfasong.seq_LK3_SongsSeq.fa",40,"Y","increasing","1_1.4_2"
"file5adc635df16song.seq_LK4_SongsSeq.fa",40,"Y","increasing","1_1.4_2"
"file5adc9a092aasong.seq_LK5_SongsSeq.fa",35,"Y","increasing","1_1.4_2"
"file5adc1d9412e0song.seq_LK6_SongsSeq.fa",33,"Y","increasing","1_1.4_2"
"file5adc7a569ecbsong.seq_LK7_SongsSeq.fa",31,"Y","increasing","1_1.4_2"
"file5adc7f779c72song.seq_LK8_SongsSeq.fa",25,"Y","increasing","1_1.4_2"
"file5adc8903dacsong.seq_LK9_SongsSeq.fa",40,"Y","increasing","1_1.4_2"
"file5adc53e63a7bsong.seq_LK10_SongsSeq.fa",28,"Y","increasing","1_1.4_2"
"file5adc4048289bsong.seq_LK11_SongsSeq.fa",21,"Y","increasing","1_1.4_2"
"file5adc4f463bbesong.seq_LK1_SongsSeq.fa",25,"Y","increasing","1_1.4_2"
"file5adc4715fae7song.seq_LK2_SongsSeq.fa",40,"Y","increasing","1_1.4_2"
"file5adc77aa3eeesong.seq_LK3_SongsSeq.fa",40,"Y","increasing","1_1.4_2"
"file5adc4252d99song.seq_LK4_SongsSeq.fa",37,"Y","increasing","1_1.4_2"
"file5adc11aefed2song.seq_LK5_SongsSeq.fa",26,"Y","increasing","1_1.4_2"
"file5adc67c2afdesong.seq_LK6_SongsSeq.fa",18,"Y","increasing","1_1.4_2"
"file5adc3ed922d5song.seq_LK7_SongsSeq.fa",24,"Y","increasing","1_1.4_2"
"file5adc6ba6cceesong.seq_LK8_SongsSeq.fa",31,"Y","increasing","1_1.4_2"
"file5adc6c2f7854song.seq_LK9_SongsSeq.fa",40,"Y","increasing","1_1.4_2"
"file5adc5d6bf916song.seq_LK10_SongsSeq.fa",32,"Y","increasing","1_1.4_2"
"file5adc4042deaasong.seq_LK11_SongsSeq.fa",22,"Y","increasing","1_1.4_2"
"file5adc2607dfadsong.seq_LK1_SongsSeq.fa",26,"Y","increasing","1_1.4_2"
"file5adc517ab76asong.seq_LK2_SongsSeq.fa",40,"Y","increasing","1_1.4_2"
"file5adc669b8cb9song.seq_LK3_SongsSeq.fa",28,"Y","increasing","1_1.4_2"
"file5adc420367b1song.seq_LK4_SongsSeq.fa",40,"N","increasing","1_1.4_2"
"file5adc6eaf3f4fsong.seq_LK5_SongsSeq.fa",28,"Y","increasing","1_1.4_2"
"file5adc65b6de2fsong.seq_LK6_SongsSeq.fa",31,"N","increasing","1_1.4_2"
"file5adc6d393318song.seq_LK7_SongsSeq.fa",40,"Y","increasing","1_1.4_2"
"file5adc2c2a9410song.seq_LK8_SongsSeq.fa",27,"Y","increasing","1_1.4_2"
"file5adc605fd7aesong.seq_LK9_SongsSeq.fa",40,"Y","increasing","1_1.4_2"
"file5adc142ad762song.seq_LK10_SongsSeq.fa",30,"Y","increasing","1_1.4_2"
"file5adc311e09a4song.seq_LK11_SongsSeq.fa",39,"Y","increasing","1_1.4_2"
"file5adc6687a4a8song.seq_LK1_SongsSeq.fa",27,"Y","increasing","1_1.4_2"
"file5adc1a60b678song.seq_LK2_SongsSeq.fa",40,"Y","increasing","1_1.4_2"
"file5adc3abe9c4esong.seq_LK3_SongsSeq.fa",28,"N","increasing","1_1.4_2"
"file5adc41bb789song.seq_LK4_SongsSeq.fa",40,"Y","increasing","1_1.4_2"
"file5adc14b75543song.seq_LK5_SongsSeq.fa",36,"N","increasing","1_1.4_2"
"file5adc3a3638c0song.seq_LK6_SongsSeq.fa",31,"Y","increasing","1_1.4_2"
"file5adccabf535song.seq_LK7_SongsSeq.fa",37,"N","increasing","1_1.4_2"
"file5adc689d8fbesong.seq_LK8_SongsSeq.fa",38,"Y","increasing","1_1.4_2"
"file5adc7a7e615csong.seq_LK9_SongsSeq.fa",38,"Y","increasing","1_1.4_2"
"file5adc5bf230f3song.seq_LK10_SongsSeq.fa",23,"Y","increasing","1_1.4_2"
"file5adc2fb38aa5song.seq_LK11_SongsSeq.fa",29,"N","increasing","1_1.4_2"
"file5adc7228a04asong.seq_LK1_SongsSeq.fa",32,"Y","increasing","1_1.4_2"
"file5adc60175e8csong.seq_LK2_SongsSeq.fa",33,"N","increasing","1_1.4_2"
"file5adc41628977song.seq_LK3_SongsSeq.fa",40,"Y","increasing","1_1.4_2"
"file5adc59eb5028song.seq_LK4_SongsSeq.fa",25,"Y","increasing","1_1.4_2"
"file5adc1ef08161song.seq_LK5_SongsSeq.fa",28,"Y","increasing","1_1.4_2"
"file5adc2d095665song.seq_LK6_SongsSeq.fa",23,"N","increasing","1_1.4_2"
"file5adc461ac87csong.seq_LK7_SongsSeq.fa",28,"Y","increasing","1_1.4_2"
"file5adc7c5c7a77song.seq_LK8_SongsSeq.fa",35,"N","increasing","1_1.4_2"
"file5adc6d4c350fsong.seq_LK9_SongsSeq.fa",40,"Y","increasing","1_1.4_2"
"file5adc6c22a829song.seq_LK10_SongsSeq.fa",31,"Y","increasing","1_1.4_2"
"file5adc4dd731e1song.seq_LK11_SongsSeq.fa",23,"Y","increasing","1_1.4_2"
"file5adc53e7c1c9song.seq_LK1_SongsSeq.fa",25,"Y","increasing","1_1.4_2"
"file5adc2e260fdbsong.seq_LK2_SongsSeq.fa",32,"N","increasing","1_1.4_2"
"file5adc3c867131song.seq_LK3_SongsSeq.fa",40,"N","increasing","1_1.4_2"
"file5adc399e9ff8song.seq_LK4_SongsSeq.fa",40,"Y","increasing","1_1.4_2"
"file5adc1b5f42f3song.seq_LK5_SongsSeq.fa",29,"Y","increasing","1_1.4_2"
"file5adc68b10541song.seq_LK6_SongsSeq.fa",23,"Y","increasing","1_1.4_2"
"file5adc19fe77a6song.seq_LK7_SongsSeq.fa",34,"Y","increasing","1_1.4_2"
"file5adc2f8a1a55song.seq_LK8_SongsSeq.fa",29,"Y","increasing","1_1.4_2"
"file5adc19cf0ee5song.seq_LK9_SongsSeq.fa",40,"Y","increasing","1_1.4_2"
"file5adc861c4fsong.seq_LK10_SongsSeq.fa",28,"N","increasing","1_1.4_2"
"file5adc49ead0cdsong.seq_LK11_SongsSeq.fa",21,"N","increasing","1_1.4_2"
"file5adc548dab33song.seq_LK1_SongsSeq.fa",34,"N","increasing","1_1.4_2"
"file5adc4a1d3d8song.seq_LK2_SongsSeq.fa",30,"Y","increasing","1_1.4_2"
"file5adc5ea22610song.seq_LK3_SongsSeq.fa",40,"Y","increasing","1_1.4_2"
"file5adcec3e3f3song.seq_LK4_SongsSeq.fa",40,"Y","increasing","1_1.4_2"
"file5adc114dc90dsong.seq_LK5_SongsSeq.fa",38,"Y","increasing","1_1.4_2"
"file5adc473fb5cesong.seq_LK6_SongsSeq.fa",28,"Y","increasing","1_1.4_2"
"file5adc942454fsong.seq_LK7_SongsSeq.fa",38,"N","increasing","1_1.4_2"
"file5adc6d3ffa00song.seq_LK8_SongsSeq.fa",33,"Y","increasing","1_1.4_2"
"file5adc76f34073song.seq_LK9_SongsSeq.fa",40,"N","increasing","1_1.4_2"
"file5adc7b6ae59asong.seq_LK10_SongsSeq.fa",25,"Y","increasing","1_1.4_2"
"file5adc4d57588dsong.seq_LK11_SongsSeq.fa",37,"N","increasing","1_1.4_2"
"file5adc3855c9ebsong.seq_LK1_SongsSeq.fa",24,"Y","increasing","1_1.4_2"
"file5adc555635c2song.seq_LK2_SongsSeq.fa",37,"Y","increasing","1_1.4_2"
"file5adc6c47d9eesong.seq_LK3_SongsSeq.fa",40,"Y","increasing","1_1.4_2"
"file5adc655f2050song.seq_LK4_SongsSeq.fa",30,"Y","increasing","1_1.4_2"
"file5adc1b70fe3fsong.seq_LK5_SongsSeq.fa",23,"Y","increasing","1_1.4_2"
"file5adc68a45466song.seq_LK6_SongsSeq.fa",13,"Y","increasing","1_1.4_2"
"file5adc52ab5560song.seq_LK7_SongsSeq.fa",26,"N","increasing","1_1.4_2"
"file5adc793a668song.seq_LK8_SongsSeq.fa",34,"Y","increasing","1_1.4_2"
"file5adc367b8647song.seq_LK9_SongsSeq.fa",40,"Y","increasing","1_1.4_2"
"file5adc26931729song.seq_LK10_SongsSeq.fa",27,"Y","increasing","1_1.4_2"
"file5adc35b9b643song.seq_LK11_SongsSeq.fa",22,"Y","increasing","1_1.4_2"
"file5adc7301f778song.seq_LK1_SongsSeq.fa",30,"Y","increasing","1_1.4_2"
"file5adc6031b721song.seq_LK2_SongsSeq.fa",40,"Y","increasing","1_1.4_2"
"file5adc5118f937song.seq_LK3_SongsSeq.fa",34,"Y","increasing","1_1.4_2"
"file5adc5bb2fcb9song.seq_LK4_SongsSeq.fa",32,"Y","increasing","1_1.4_2"
"file5adc7a302ec8song.seq_LK5_SongsSeq.fa",36,"Y","increasing","1_1.4_2"
"file5adca3138csong.seq_LK6_SongsSeq.fa",31,"Y","increasing","1_1.4_2"
"file5adc75820b9esong.seq_LK7_SongsSeq.fa",28,"N","increasing","1_1.4_2"
"file5adc7ab64b17song.seq_LK8_SongsSeq.fa",26,"Y","increasing","1_1.4_2"
"file5adc4a8de45asong.seq_LK9_SongsSeq.fa",40,"Y","increasing","1_1.4_2"
"file5adc4a0fb6d1song.seq_LK10_SongsSeq.fa",36,"Y","increasing","1_1.4_2"
"file5adc7f581eefsong.seq_LK11_SongsSeq.fa",18,"Y","increasing","1_1.4_2"
"file5adc29300a6asong.seq_LK1_SongsSeq.fa",40,"Y","increasing","1_1.4_2"
"file5adc58d39ac5song.seq_LK2_SongsSeq.fa",40,"Y","increasing","1_1.4_2"
"file5adc10a5e7fcsong.seq_LK3_SongsSeq.fa",31,"Y","increasing","1_1.4_2"
"file5adc706fc039song.seq_LK4_SongsSeq.fa",40,"N","increasing","1_1.4_2"
"file5adc6215e014song.seq_LK5_SongsSeq.fa",28,"Y","increasing","1_1.4_2"
"file5adc7de5e1fcsong.seq_LK6_SongsSeq.fa",32,"Y","increasing","1_1.4_2"
"file5adc676300acsong.seq_LK7_SongsSeq.fa",35,"Y","increasing","1_1.4_2"
"file5adc5d80c5aesong.seq_LK8_SongsSeq.fa",27,"N","increasing","1_1.4_2"
"file5adc4b3d3a89song.seq_LK9_SongsSeq.fa",40,"Y","increasing","1_1.4_2"
"file5adc1fb8ca97song.seq_LK10_SongsSeq.fa",40,"Y","increasing","1_1.4_2"
"file5adc32d6fb71song.seq_LK11_SongsSeq.fa",28,"Y","increasing","1_1.4_2"
"file5adc37851478song.seq_LK1_SongsSeq.fa",28,"Y","increasing","1_1.4_2"
"file5adc517eae8song.seq_LK2_SongsSeq.fa",40,"N","increasing","1_1.4_2"
"file5adc4e47f9b0song.seq_LK3_SongsSeq.fa",39,"Y","increasing","1_1.4_2"
"file5adc202968desong.seq_LK4_SongsSeq.fa",40,"Y","increasing","1_1.4_2"
"file5adc57c34048song.seq_LK5_SongsSeq.fa",29,"Y","increasing","1_1.4_2"
"file5adc55dba018song.seq_LK6_SongsSeq.fa",22,"N","increasing","1_1.4_2"
"file5adc56a4ef25song.seq_LK7_SongsSeq.fa",29,"N","increasing","1_1.4_2"
"file5adc7e565771song.seq_LK8_SongsSeq.fa",31,"N","increasing","1_1.4_2"
"file5adcb95565csong.seq_LK9_SongsSeq.fa",40,"Y","increasing","1_1.4_2"
"file5adc49a6e69esong.seq_LK10_SongsSeq.fa",23,"Y","increasing","1_1.4_2"
"file5adc5e880e92song.seq_LK11_SongsSeq.fa",20,"N","increasing","1_1.4_2"
"file5adc5cae4f93song.seq_LK1_SongsSeq.fa",40,"Y","increasing","1_1.4_2"
"file5adc2559e357song.seq_LK2_SongsSeq.fa",40,"Y","increasing","1_1.4_2"
"file5adc58b83d5asong.seq_LK3_SongsSeq.fa",40,"Y","increasing","1_1.4_2"
"file5adc5d51631fsong.seq_LK4_SongsSeq.fa",39,"Y","increasing","1_1.4_2"
"file5adc1adbeef6song.seq_LK5_SongsSeq.fa",18,"Y","increasing","1_1.4_2"
"file5adc536e8871song.seq_LK6_SongsSeq.fa",26,"N","increasing","1_1.4_2"
"file5adc27df4779song.seq_LK7_SongsSeq.fa",40,"Y","increasing","1_1.4_2"
"file5adc64eba5c7song.seq_LK8_SongsSeq.fa",24,"N","increasing","1_1.4_2"
"file5adc52c6a760song.seq_LK9_SongsSeq.fa",40,"N","increasing","1_1.4_2"
"file5adc510f51e4song.seq_LK10_SongsSeq.fa",40,"N","increasing","1_1.4_2"
"file5adc3dbf408csong.seq_LK11_SongsSeq.fa",26,"N","increasing","1_1.4_2"
"file5adc636c8f5csong.seq_LK1_SongsSeq.fa",31,"Y","increasing","1_1.4_2"
"file5adc417f121dsong.seq_LK2_SongsSeq.fa",40,"N","increasing","1_1.4_2"
"file5adc1fd520a1song.seq_LK3_SongsSeq.fa",40,"Y","increasing","1_1.4_2"
"file5adc61527159song.seq_LK4_SongsSeq.fa",40,"Y","increasing","1_1.4_2"
"file5adc28e212c9song.seq_LK5_SongsSeq.fa",24,"N","increasing","1_1.4_2"
"file5adc7d55e64fsong.seq_LK6_SongsSeq.fa",22,"N","increasing","1_1.4_2"
"file5adc2c8fabe2song.seq_LK7_SongsSeq.fa",31,"Y","increasing","1_1.4_2"
"file5adc489add61song.seq_LK8_SongsSeq.fa",40,"Y","increasing","1_1.4_2"
"file5adc302ce1c0song.seq_LK9_SongsSeq.fa",40,"Y","increasing","1_1.4_2"
"file5adc6414c05asong.seq_LK10_SongsSeq.fa",30,"N","increasing","1_1.4_2"
"file5adc4db2c849song.seq_LK11_SongsSeq.fa",30,"Y","increasing","1_1.4_2"
"file5adc7e74db70song.seq_LK1_SongsSeq.fa",27,"Y","increasing","1_1.4_2"
"file5adc43e2938song.seq_LK2_SongsSeq.fa",33,"Y","increasing","1_1.4_2"
"file5adc25760891song.seq_LK3_SongsSeq.fa",40,"N","increasing","1_1.4_2"
"file5adc54507b89song.seq_LK4_SongsSeq.fa",30,"Y","increasing","1_1.4_2"
"file5adc5ae3185esong.seq_LK5_SongsSeq.fa",25,"Y","increasing","1_1.4_2"
"file5adc23cc6002song.seq_LK6_SongsSeq.fa",29,"Y","increasing","1_1.4_2"
"file5adc5fe5d1e5song.seq_LK7_SongsSeq.fa",19,"Y","increasing","1_1.4_2"
"file5adc2489fefcsong.seq_LK8_SongsSeq.fa",29,"Y","increasing","1_1.4_2"
"file5adc2546e94song.seq_LK9_SongsSeq.fa",40,"Y","increasing","1_1.4_2"
"file5adc3c942178song.seq_LK10_SongsSeq.fa",40,"Y","increasing","1_1.4_2"
"file5adc49e3e253song.seq_LK11_SongsSeq.fa",33,"Y","increasing","1_1.4_2"
"file5adc5b0cabefsong.seq_LK1_SongsSeq.fa",19,"Y","increasing","1_1.4_2"
"file5adc19e58497song.seq_LK2_SongsSeq.fa",38,"Y","increasing","1_1.4_2"
"file5adc64bfd149song.seq_LK3_SongsSeq.fa",29,"Y","increasing","1_1.4_2"
"file5adc2e7b3460song.seq_LK4_SongsSeq.fa",40,"Y","increasing","1_1.4_2"
"file5adc41c4cc11song.seq_LK5_SongsSeq.fa",32,"Y","increasing","1_1.4_2"
"file5adc49ab7711song.seq_LK6_SongsSeq.fa",18,"Y","increasing","1_1.4_2"
"file5adc141dbc1song.seq_LK7_SongsSeq.fa",40,"Y","increasing","1_1.4_2"
"file5adc12d41df5song.seq_LK8_SongsSeq.fa",29,"N","increasing","1_1.4_2"
"file5adc76ab79dsong.seq_LK9_SongsSeq.fa",40,"N","increasing","1_1.4_2"
"file5adc64ae6b1dsong.seq_LK10_SongsSeq.fa",34,"Y","increasing","1_1.4_2"
"file5adc54533012song.seq_LK11_SongsSeq.fa",26,"Y","increasing","1_1.4_2"
"file5adc273fd83esong.seq_LK1_SongsSeq.fa",39,"Y","increasing","1_1.4_2"
"file5adc4600dc76song.seq_LK2_SongsSeq.fa",40,"N","increasing","1_1.4_2"
"file5adc7d3542dbsong.seq_LK3_SongsSeq.fa",40,"N","increasing","1_1.4_2"
"file5adc2495be8esong.seq_LK4_SongsSeq.fa",34,"N","increasing","1_1.4_2"
"file5adc72908859song.seq_LK5_SongsSeq.fa",32,"N","increasing","1_1.4_2"
"file5adc45d0203csong.seq_LK6_SongsSeq.fa",21,"N","increasing","1_1.4_2"
"file5adc54c2a04esong.seq_LK7_SongsSeq.fa",35,"Y","increasing","1_1.4_2"
"file5adc56a548b3song.seq_LK8_SongsSeq.fa",26,"Y","increasing","1_1.4_2"
"file5adc1382e885song.seq_LK9_SongsSeq.fa",40,"Y","increasing","1_1.4_2"
"file5adc53377bbfsong.seq_LK10_SongsSeq.fa",32,"Y","increasing","1_1.4_2"
"file5adc5ae371ecsong.seq_LK11_SongsSeq.fa",25,"Y","increasing","1_1.4_2"
"file5adc38f8f116song.seq_LK1_SongsSeq.fa",28,"Y","increasing","1_1.4_2"
"file5adc2787f748song.seq_LK2_SongsSeq.fa",37,"Y","increasing","1_1.4_2"
"file5adc35c68a4asong.seq_LK3_SongsSeq.fa",40,"Y","increasing","1_1.4_2"
"file5adc5cc55118song.seq_LK4_SongsSeq.fa",36,"N","increasing","1_1.4_2"
"file5adc76dc92dsong.seq_LK5_SongsSeq.fa",31,"Y","increasing","1_1.4_2"
"file5adc5a508946song.seq_LK6_SongsSeq.fa",26,"Y","increasing","1_1.4_2"
"file5adc5f19bfadsong.seq_LK7_SongsSeq.fa",34,"Y","increasing","1_1.4_2"
"file5adc4401eaa5song.seq_LK8_SongsSeq.fa",35,"Y","increasing","1_1.4_2"
"file5adc24346b99song.seq_LK9_SongsSeq.fa",40,"N","increasing","1_1.4_2"
"file5adc3a266b9csong.seq_LK10_SongsSeq.fa",31,"Y","increasing","1_1.4_2"
"file5adc5de76f3csong.seq_LK11_SongsSeq.fa",26,"Y","increasing","1_1.4_2"
"file5adc8f43ce3song.seq_LK1_SongsSeq.fa",38,"Y","increasing","1_1.4_2"
"file5adc68a19ffcsong.seq_LK2_SongsSeq.fa",40,"Y","increasing","1_1.4_2"
"file5adc1fac3b4dsong.seq_LK3_SongsSeq.fa",33,"N","increasing","1_1.4_2"
"file5adc529fb3f4song.seq_LK4_SongsSeq.fa",30,"Y","increasing","1_1.4_2"
"file5adc69e37bbdsong.seq_LK5_SongsSeq.fa",32,"Y","increasing","1_1.4_2"
"file5adc32805942song.seq_LK6_SongsSeq.fa",26,"N","increasing","1_1.4_2"
"file5adc5a0a6b91song.seq_LK7_SongsSeq.fa",40,"Y","increasing","1_1.4_2"
"file5adc4e91e6dbsong.seq_LK8_SongsSeq.fa",36,"N","increasing","1_1.4_2"
"file5adc6d38954song.seq_LK9_SongsSeq.fa",40,"N","increasing","1_1.4_2"
"file5adc14a43d0song.seq_LK10_SongsSeq.fa",26,"Y","increasing","1_1.4_2"
"file5adc1492c351song.seq_LK11_SongsSeq.fa",21,"Y","increasing","1_1.4_2"
"file5adc408cc30song.seq_LK1_SongsSeq.fa",32,"N","increasing","1_1.4_2"
"file5adc25e0025esong.seq_LK2_SongsSeq.fa",29,"Y","increasing","1_1.4_2"
"file5adc7234baasong.seq_LK3_SongsSeq.fa",33,"N","increasing","1_1.4_2"
"file5adc49d8ec6csong.seq_LK4_SongsSeq.fa",29,"Y","increasing","1_1.4_2"
"file5adc7aa2a2acsong.seq_LK5_SongsSeq.fa",36,"Y","increasing","1_1.4_2"
"file5adc5dc8945esong.seq_LK6_SongsSeq.fa",35,"Y","increasing","1_1.4_2"
"file5adc5d5bd4f2song.seq_LK7_SongsSeq.fa",28,"Y","increasing","1_1.4_2"
"file5adc4dda1e6bsong.seq_LK8_SongsSeq.fa",30,"Y","increasing","1_1.4_2"
"file5adc38ac064asong.seq_LK9_SongsSeq.fa",40,"Y","increasing","1_1.4_2"
"file5adc1654c608song.seq_LK10_SongsSeq.fa",21,"Y","increasing","1_1.4_2"
"file5adc756215b3song.seq_LK11_SongsSeq.fa",21,"Y","increasing","1_1.4_2"
"file5adc6e729094song.seq_LK1_SongsSeq.fa",34,"Y","increasing","1_1.4_2"
"file5adc731a1721song.seq_LK2_SongsSeq.fa",40,"Y","increasing","1_1.4_2"
"file5adc7ccfdee0song.seq_LK3_SongsSeq.fa",33,"Y","increasing","1_1.4_2"
"file5adc48c319dasong.seq_LK4_SongsSeq.fa",37,"N","increasing","1_1.4_2"
"file5adc5233d6cesong.seq_LK5_SongsSeq.fa",24,"Y","increasing","1_1.4_2"
"file5adc40d1c985song.seq_LK6_SongsSeq.fa",27,"Y","increasing","1_1.4_2"
"file5adc6cf78573song.seq_LK7_SongsSeq.fa",27,"N","increasing","1_1.4_2"
"file5adcc5a426asong.seq_LK8_SongsSeq.fa",40,"Y","increasing","1_1.4_2"
"file5adc1eb938c2song.seq_LK9_SongsSeq.fa",36,"N","increasing","1_1.4_2"
"file5adc75ebc256song.seq_LK10_SongsSeq.fa",21,"Y","increasing","1_1.4_2"
"file5adc74fbe266song.seq_LK11_SongsSeq.fa",31,"Y","increasing","1_1.4_2"
"file5adc3e65740fsong.seq_LK1_SongsSeq.fa",25,"Y","increasing","1_1.4_2"
"file5adc488b764asong.seq_LK2_SongsSeq.fa",40,"N","increasing","1_1.4_2"
"file5adc5edf5e24song.seq_LK3_SongsSeq.fa",37,"Y","increasing","1_1.4_2"
"file5adc70e5cd52song.seq_LK4_SongsSeq.fa",40,"Y","increasing","1_1.4_2"
"file5adc2295e1dcsong.seq_LK5_SongsSeq.fa",30,"Y","increasing","1_1.4_2"
"file5adc2d7144ffsong.seq_LK6_SongsSeq.fa",36,"Y","increasing","1_1.4_2"
"file5adc77b956a6song.seq_LK7_SongsSeq.fa",34,"Y","increasing","1_1.4_2"
"file5adc23e025acsong.seq_LK8_SongsSeq.fa",35,"Y","increasing","1_1.4_2"
"file5adc42040850song.seq_LK9_SongsSeq.fa",40,"N","increasing","1_1.4_2"
"file5adc7bc222d6song.seq_LK10_SongsSeq.fa",33,"Y","increasing","1_1.4_2"
"file5adc49c0280asong.seq_LK11_SongsSeq.fa",16,"Y","increasing","1_1.4_2"
"file5adc492753fbsong.seq_LK1_SongsSeq.fa",21,"Y","increasing","1_1.4_2"
"file5adc459b0f43song.seq_LK2_SongsSeq.fa",38,"N","increasing","1_1.4_2"
"file5adc4462cab6song.seq_LK3_SongsSeq.fa",30,"Y","increasing","1_1.4_2"
"file5adc26efe859song.seq_LK4_SongsSeq.fa",40,"Y","increasing","1_1.4_2"
"file5adc22f6e435song.seq_LK5_SongsSeq.fa",30,"Y","increasing","1_1.4_2"
"file5adc123ce922song.seq_LK6_SongsSeq.fa",29,"Y","increasing","1_1.4_2"
"file5adc5f9beea3song.seq_LK7_SongsSeq.fa",37,"N","increasing","1_1.4_2"
"file5adc394baa3dsong.seq_LK8_SongsSeq.fa",19,"Y","increasing","1_1.4_2"
"file5adc79efed5song.seq_LK9_SongsSeq.fa",40,"Y","increasing","1_1.4_2"
"file5adc4e0e7f37song.seq_LK10_SongsSeq.fa",40,"Y","increasing","1_1.4_2"
"file5adc2c65c15esong.seq_LK11_SongsSeq.fa",29,"Y","increasing","1_1.4_2"
"file5adc46eddb6song.seq_LK1_SongsSeq.fa",32,"Y","increasing","1_1.4_2"
"file5adc16d19911song.seq_LK2_SongsSeq.fa",35,"N","increasing","1_1.4_2"
"file5adc7e99982csong.seq_LK3_SongsSeq.fa",37,"Y","increasing","1_1.4_2"
"file5adc4540a73bsong.seq_LK4_SongsSeq.fa",40,"N","increasing","1_1.4_2"
"file5adc3c91e84song.seq_LK5_SongsSeq.fa",27,"N","increasing","1_1.4_2"
"file5adcaf3da96song.seq_LK6_SongsSeq.fa",28,"Y","increasing","1_1.4_2"
"file5adc63f9dffdsong.seq_LK7_SongsSeq.fa",40,"Y","increasing","1_1.4_2"
"file5adc79b4e0dbsong.seq_LK8_SongsSeq.fa",32,"Y","increasing","1_1.4_2"
"file5adc7fefbcfdsong.seq_LK9_SongsSeq.fa",40,"Y","increasing","1_1.4_2"
"file5adc225f540dsong.seq_LK10_SongsSeq.fa",25,"Y","increasing","1_1.4_2"
"file5adc42405725song.seq_LK11_SongsSeq.fa",29,"Y","increasing","1_1.4_2"
"file5adc5ecf1b21song.seq_LK1_SongsSeq.fa",25,"Y","increasing","1_1.4_2"
"file5adc1345215fsong.seq_LK2_SongsSeq.fa",40,"Y","increasing","1_1.4_2"
"file5adc64d63901song.seq_LK3_SongsSeq.fa",26,"Y","increasing","1_1.4_2"
"file5adcc406020song.seq_LK4_SongsSeq.fa",35,"Y","increasing","1_1.4_2"
"file5adcafe7805song.seq_LK5_SongsSeq.fa",35,"N","increasing","1_1.4_2"
"file5adc8b65eadsong.seq_LK6_SongsSeq.fa",38,"Y","increasing","1_1.4_2"
"file5adc4e446870song.seq_LK7_SongsSeq.fa",21,"Y","increasing","1_1.4_2"
"file5adc6c09adcsong.seq_LK8_SongsSeq.fa",38,"N","increasing","1_1.4_2"
"file5adc527686b7song.seq_LK9_SongsSeq.fa",39,"Y","increasing","1_1.4_2"
"file5adc176bbc6bsong.seq_LK10_SongsSeq.fa",26,"Y","increasing","1_1.4_2"
"file5adc4c5baa1fsong.seq_LK11_SongsSeq.fa",37,"Y","increasing","1_1.4_2"
"file5adc16d9516esong.seq_LK1_SongsSeq.fa",40,"Y","increasing","1_1.4_2"
"file5adc3e5ba4c4song.seq_LK2_SongsSeq.fa",40,"Y","increasing","1_1.4_2"
"file5adc6f528e54song.seq_LK3_SongsSeq.fa",40,"Y","increasing","1_1.4_2"
"file5adc29163a90song.seq_LK4_SongsSeq.fa",40,"Y","increasing","1_1.4_2"
"file5adc1df79367song.seq_LK5_SongsSeq.fa",31,"Y","increasing","1_1.4_2"
"file5adc289e3891song.seq_LK6_SongsSeq.fa",30,"Y","increasing","1_1.4_2"
"file5adc30b53965song.seq_LK7_SongsSeq.fa",27,"Y","increasing","1_1.4_2"
"file5adc6c06129esong.seq_LK8_SongsSeq.fa",39,"Y","increasing","1_1.4_2"
"file5adc5503f9f0song.seq_LK9_SongsSeq.fa",40,"N","increasing","1_1.4_2"
"file5adc3524171bsong.seq_LK10_SongsSeq.fa",23,"Y","increasing","1_1.4_2"
"file5adc2d7abafsong.seq_LK11_SongsSeq.fa",20,"Y","increasing","1_1.4_2"
"file5adc539d921csong.seq_LK1_SongsSeq.fa",40,"Y","increasing","1_1.4_2"
"file5adc7a64be57song.seq_LK2_SongsSeq.fa",40,"Y","increasing","1_1.4_2"
"file5adc6a0ca34song.seq_LK3_SongsSeq.fa",29,"Y","increasing","1_1.4_2"
"file5adc5e916cb3song.seq_LK4_SongsSeq.fa",39,"Y","increasing","1_1.4_2"
"file5adc5e5e9e54song.seq_LK5_SongsSeq.fa",38,"Y","increasing","1_1.4_2"
"file5adc55ab0fsong.seq_LK6_SongsSeq.fa",33,"Y","increasing","1_1.4_2"
"file5adc5e8129b0song.seq_LK7_SongsSeq.fa",35,"N","increasing","1_1.4_2"
"file5adcbdf261song.seq_LK8_SongsSeq.fa",28,"Y","increasing","1_1.4_2"
"file5adc42960234song.seq_LK9_SongsSeq.fa",40,"Y","increasing","1_1.4_2"
"file5adc3d5044d1song.seq_LK10_SongsSeq.fa",34,"N","increasing","1_1.4_2"
"file5adc140313c0song.seq_LK11_SongsSeq.fa",22,"Y","increasing","1_1.4_2"
"file5adc276c3b36song.seq_LK1_SongsSeq.fa",21,"Y","increasing","1_1.4_2"
"file5adc4990a4f1song.seq_LK2_SongsSeq.fa",40,"N","increasing","1_1.4_2"
"file5adc1f018bc6song.seq_LK3_SongsSeq.fa",32,"N","increasing","1_1.4_2"
"file5adc302299e3song.seq_LK4_SongsSeq.fa",40,"Y","increasing","1_1.4_2"
"file5adc17d50d61song.seq_LK5_SongsSeq.fa",24,"Y","increasing","1_1.4_2"
"file5adc25c226a2song.seq_LK6_SongsSeq.fa",28,"Y","increasing","1_1.4_2"
"file5adc299209bsong.seq_LK7_SongsSeq.fa",27,"Y","increasing","1_1.4_2"
"file5adc2f40c9cdsong.seq_LK8_SongsSeq.fa",38,"N","increasing","1_1.4_2"
"file5adc721dd0c1song.seq_LK9_SongsSeq.fa",40,"Y","increasing","1_1.4_2"
"file5adc19727209song.seq_LK10_SongsSeq.fa",15,"Y","increasing","1_1.4_2"
"file5adc6d9c6e91song.seq_LK11_SongsSeq.fa",38,"Y","increasing","1_1.4_2"
"file5adc61705f15song.seq_LK1_SongsSeq.fa",31,"Y","increasing","1_1.4_2"
"file5adc4288ac99song.seq_LK2_SongsSeq.fa",39,"Y","increasing","1_1.4_2"
"file5adcb9401f9song.seq_LK3_SongsSeq.fa",40,"Y","increasing","1_1.4_2"
"file5adca0e97a6song.seq_LK4_SongsSeq.fa",34,"Y","increasing","1_1.4_2"
"file5adc733de5fesong.seq_LK5_SongsSeq.fa",27,"Y","increasing","1_1.4_2"
"file5adc779a1497song.seq_LK6_SongsSeq.fa",23,"Y","increasing","1_1.4_2"
"file5adc5f129196song.seq_LK7_SongsSeq.fa",29,"N","increasing","1_1.4_2"
"file5adc2861fd1asong.seq_LK8_SongsSeq.fa",40,"N","increasing","1_1.4_2"
"file5adc7a71c047song.seq_LK9_SongsSeq.fa",40,"Y","increasing","1_1.4_2"
"file5adc32b023b3song.seq_LK10_SongsSeq.fa",33,"N","increasing","1_1.4_2"
"file5adc22c6bb71song.seq_LK11_SongsSeq.fa",18,"N","increasing","1_1.4_2"
"file5adc1128a7bsong.seq_LK1_SongsSeq.fa",27,"Y","increasing","1_1.4_2"
"file5adc11419066song.seq_LK2_SongsSeq.fa",40,"N","increasing","1_1.4_2"
"file5adc12559c5song.seq_LK3_SongsSeq.fa",40,"Y","increasing","1_1.4_2"
"file5adc168358asong.seq_LK4_SongsSeq.fa",38,"N","increasing","1_1.4_2"
"file5adc6fc2ba16song.seq_LK5_SongsSeq.fa",32,"N","increasing","1_1.4_2"
"file5adc1e34c27song.seq_LK6_SongsSeq.fa",15,"Y","increasing","1_1.4_2"
"file5adc43fe37besong.seq_LK7_SongsSeq.fa",37,"Y","increasing","1_1.4_2"
"file5adc2d12fee7song.seq_LK8_SongsSeq.fa",26,"Y","increasing","1_1.4_2"
"file5adc15e65fe7song.seq_LK9_SongsSeq.fa",40,"Y","increasing","1_1.4_2"
"file5adc6b6a72f4song.seq_LK10_SongsSeq.fa",23,"Y","increasing","1_1.4_2"
"file5adc76a3a3d8song.seq_LK11_SongsSeq.fa",24,"Y","increasing","1_1.4_2"
"file5adc34e7ebadsong.seq_LK1_SongsSeq.fa",35,"Y","increasing","1_1.4_2"
"file5adc1b8d0cd8song.seq_LK2_SongsSeq.fa",40,"N","increasing","1_1.4_2"
"file5adce78b139song.seq_LK3_SongsSeq.fa",30,"N","increasing","1_1.4_2"
"file5adc5aaa124fsong.seq_LK4_SongsSeq.fa",40,"Y","increasing","1_1.4_2"
"file5adc1e262d73song.seq_LK5_SongsSeq.fa",40,"Y","increasing","1_1.4_2"
"file5adc3db97b06song.seq_LK6_SongsSeq.fa",24,"Y","increasing","1_1.4_2"
"file5adc4cc7e310song.seq_LK7_SongsSeq.fa",23,"Y","increasing","1_1.4_2"
"file5adc37989f7csong.seq_LK8_SongsSeq.fa",32,"N","increasing","1_1.4_2"
"file5adc2b55e998song.seq_LK9_SongsSeq.fa",40,"N","increasing","1_1.4_2"
"file5adc2e384225song.seq_LK10_SongsSeq.fa",40,"N","increasing","1_1.4_2"
"file5adc7a214c15song.seq_LK11_SongsSeq.fa",21,"Y","increasing","1_1.4_2"
"file5adc36e9eb91song.seq_LK1_SongsSeq.fa",29,"Y","increasing","1_1.4_2"
"file5adc3846d9ccsong.seq_LK2_SongsSeq.fa",40,"Y","increasing","1_1.4_2"
"file5adc6d5f3213song.seq_LK3_SongsSeq.fa",40,"Y","increasing","1_1.4_2"
"file5adc2e840028song.seq_LK4_SongsSeq.fa",40,"Y","increasing","1_1.4_2"
"file5adc17596b62song.seq_LK5_SongsSeq.fa",32,"Y","increasing","1_1.4_2"
"file5adc15c12f2dsong.seq_LK6_SongsSeq.fa",26,"Y","increasing","1_1.4_2"
"file5adc28f5c06fsong.seq_LK7_SongsSeq.fa",29,"N","increasing","1_1.4_2"
"file5adc4a098f15song.seq_LK8_SongsSeq.fa",24,"Y","increasing","1_1.4_2"
"file5adc3887ea9esong.seq_LK9_SongsSeq.fa",40,"N","increasing","1_1.4_2"
"file5adc2a084aeasong.seq_LK10_SongsSeq.fa",32,"N","increasing","1_1.4_2"
"file5adc5b4b1f7bsong.seq_LK11_SongsSeq.fa",24,"Y","increasing","1_1.4_2"
"file5adc39ad4464song.seq_LK1_SongsSeq.fa",20,"Y","increasing","1_1.4_2"
"file5adc2b708074song.seq_LK2_SongsSeq.fa",39,"Y","increasing","1_1.4_2"
"file5adc4b0dd991song.seq_LK3_SongsSeq.fa",37,"Y","increasing","1_1.4_2"
"file5adc3b90908bsong.seq_LK4_SongsSeq.fa",34,"Y","increasing","1_1.4_2"
"file5adc6f6eb833song.seq_LK5_SongsSeq.fa",26,"Y","increasing","1_1.4_2"
"file5adc7820d878song.seq_LK6_SongsSeq.fa",32,"N","increasing","1_1.4_2"
"file5adc5176f072song.seq_LK7_SongsSeq.fa",34,"Y","increasing","1_1.4_2"
"file5adc5ad92b27song.seq_LK8_SongsSeq.fa",30,"Y","increasing","1_1.4_2"
"file5adc6ec47c50song.seq_LK9_SongsSeq.fa",40,"Y","increasing","1_1.4_2"
"file5adc65edc20song.seq_LK10_SongsSeq.fa",30,"Y","increasing","1_1.4_2"
"file5adc766637ffsong.seq_LK11_SongsSeq.fa",37,"Y","increasing","1_1.4_2"
"file5adc7d3d2d8asong.seq_LK1_SongsSeq.fa",25,"Y","increasing","1_1.4_2"
"file5adc6108ee6fsong.seq_LK2_SongsSeq.fa",32,"Y","increasing","1_1.4_2"
"file5adc148c6572song.seq_LK3_SongsSeq.fa",38,"N","increasing","1_1.4_2"
"file5adc3af6a890song.seq_LK4_SongsSeq.fa",40,"N","increasing","1_1.4_2"
"file5adc2dd0d180song.seq_LK5_SongsSeq.fa",35,"Y","increasing","1_1.4_2"
"file5adc4c2504eesong.seq_LK6_SongsSeq.fa",24,"N","increasing","1_1.4_2"
"file5adc664c9228song.seq_LK7_SongsSeq.fa",31,"Y","increasing","1_1.4_2"
"file5adc5c0913a5song.seq_LK8_SongsSeq.fa",39,"Y","increasing","1_1.4_2"
"file5adc46465103song.seq_LK9_SongsSeq.fa",40,"Y","increasing","1_1.4_2"
"file5adc1d367db9song.seq_LK10_SongsSeq.fa",40,"Y","increasing","1_1.4_2"
"file5adc144fed71song.seq_LK11_SongsSeq.fa",28,"Y","increasing","1_1.4_2"
"file5adc33a58317song.seq_LK1_SongsSeq.fa",38,"Y","increasing","1_1.4_2"
"file5adc4bba7de2song.seq_LK2_SongsSeq.fa",32,"Y","increasing","1_1.4_2"
"file5adc2ba958d4song.seq_LK3_SongsSeq.fa",33,"Y","increasing","1_1.4_2"
"file5adc4966b244song.seq_LK4_SongsSeq.fa",40,"Y","increasing","1_1.4_2"
"file5adc74b03e51song.seq_LK5_SongsSeq.fa",24,"Y","increasing","1_1.4_2"
"file5adc75b2e7e9song.seq_LK6_SongsSeq.fa",34,"Y","increasing","1_1.4_2"
"file5adc1ee9ce3song.seq_LK7_SongsSeq.fa",29,"Y","increasing","1_1.4_2"
"file5adc1eb8893csong.seq_LK8_SongsSeq.fa",32,"Y","increasing","1_1.4_2"
"file5adc50fe0765song.seq_LK9_SongsSeq.fa",40,"N","increasing","1_1.4_2"
"file5adc3b9be147song.seq_LK10_SongsSeq.fa",28,"Y","increasing","1_1.4_2"
"file5adc4a2909b0song.seq_LK11_SongsSeq.fa",20,"N","increasing","1_1.4_2"
"file5adc1c0be0f6song.seq_LK1_SongsSeq.fa",34,"N","increasing","1_1.4_2"
"file5adc772c71d2song.seq_LK2_SongsSeq.fa",38,"Y","increasing","1_1.4_2"
"file5adc3997c1e3song.seq_LK3_SongsSeq.fa",40,"Y","increasing","1_1.4_2"
"file5adc142cb96fsong.seq_LK4_SongsSeq.fa",36,"Y","increasing","1_1.4_2"
"file5adc48a36244song.seq_LK5_SongsSeq.fa",32,"Y","increasing","1_1.4_2"
"file5adc1470ed0bsong.seq_LK6_SongsSeq.fa",27,"N","increasing","1_1.4_2"
"file5adc2f135bfsong.seq_LK7_SongsSeq.fa",34,"Y","increasing","1_1.4_2"
"file5adc4f023e64song.seq_LK8_SongsSeq.fa",37,"N","increasing","1_1.4_2"
"file5adcad7250asong.seq_LK9_SongsSeq.fa",40,"Y","increasing","1_1.4_2"
"file5adc2e6349song.seq_LK10_SongsSeq.fa",31,"Y","increasing","1_1.4_2"
"file5adc300b2cd4song.seq_LK11_SongsSeq.fa",20,"Y","increasing","1_1.4_2"
"file5adc1f638a7dsong.seq_LK1_SongsSeq.fa",27,"Y","increasing","1_1.4_2"
"file5adc3b250bdasong.seq_LK2_SongsSeq.fa",40,"Y","increasing","1_1.4_2"
"file5adc5ddbfe54song.seq_LK3_SongsSeq.fa",38,"Y","increasing","1_1.4_2"
"file5adc6b888f6bsong.seq_LK4_SongsSeq.fa",39,"Y","increasing","1_1.4_2"
"file5adc21719e02song.seq_LK5_SongsSeq.fa",23,"Y","increasing","1_1.4_2"
"file5adc39e511f9song.seq_LK6_SongsSeq.fa",25,"Y","increasing","1_1.4_2"
"file5adc31cee06fsong.seq_LK7_SongsSeq.fa",26,"Y","increasing","1_1.4_2"
"file5adc3ea81bbcsong.seq_LK8_SongsSeq.fa",30,"Y","increasing","1_1.4_2"
"file5adc4e34ff6bsong.seq_LK9_SongsSeq.fa",40,"Y","increasing","1_1.4_2"
"file5adc65746386song.seq_LK10_SongsSeq.fa",33,"Y","increasing","1_1.4_2"
"file5adca62999esong.seq_LK11_SongsSeq.fa",22,"Y","increasing","1_1.4_2"
"file5adc79de583fsong.seq_LK1_SongsSeq.fa",36,"Y","increasing","1_1.4_2"
"file5adc2edb15casong.seq_LK2_SongsSeq.fa",40,"Y","increasing","1_1.4_2"
"file5adc7f12d7efsong.seq_LK3_SongsSeq.fa",40,"Y","increasing","1_1.4_2"
"file5adc6f914028song.seq_LK4_SongsSeq.fa",40,"N","increasing","1_1.4_2"
"file5adc30c9b2adsong.seq_LK5_SongsSeq.fa",34,"Y","increasing","1_1.4_2"
"file5adc1dcb612bsong.seq_LK6_SongsSeq.fa",31,"Y","increasing","1_1.4_2"
"file5adc408f478dsong.seq_LK7_SongsSeq.fa",28,"Y","increasing","1_1.4_2"
"file5adc6c6593f4song.seq_LK8_SongsSeq.fa",27,"Y","increasing","1_1.4_2"
"file5adc67f46adcsong.seq_LK9_SongsSeq.fa",40,"Y","increasing","1_1.4_2"
"file5adc5c9b2884song.seq_LK10_SongsSeq.fa",40,"Y","increasing","1_1.4_2"
"file5adc639205c6song.seq_LK11_SongsSeq.fa",22,"Y","increasing","1_1.4_2"
"file5adc218c2cbfsong.seq_LK1_SongsSeq.fa",33,"N","increasing","1_1.4_2"
"file5adc70c7e1f3song.seq_LK2_SongsSeq.fa",40,"Y","increasing","1_1.4_2"
"file5adc2c35680bsong.seq_LK3_SongsSeq.fa",40,"Y","increasing","1_1.4_2"
"file5adc35fd19casong.seq_LK4_SongsSeq.fa",37,"Y","increasing","1_1.4_2"
"file5adc73b917b2song.seq_LK5_SongsSeq.fa",40,"N","increasing","1_1.4_2"
"file5adc7b37a66fsong.seq_LK6_SongsSeq.fa",27,"N","increasing","1_1.4_2"
"file5adc40d43ed5song.seq_LK7_SongsSeq.fa",40,"Y","increasing","1_1.4_2"
"file5adc73e77afcsong.seq_LK8_SongsSeq.fa",29,"N","increasing","1_1.4_2"
"file5adc2b42d343song.seq_LK9_SongsSeq.fa",40,"N","increasing","1_1.4_2"
"file5adc6037c952song.seq_LK10_SongsSeq.fa",35,"Y","increasing","1_1.4_2"
"file5adc2f0c86d6song.seq_LK11_SongsSeq.fa",19,"Y","increasing","1_1.4_2"
"file5adc91ed197song.seq_LK1_SongsSeq.fa",21,"Y","increasing","1_1.4_2"
"file5adc4bc058bdsong.seq_LK2_SongsSeq.fa",40,"Y","increasing","1_1.4_2"
"file5adc507e24d8song.seq_LK3_SongsSeq.fa",30,"Y","increasing","1_1.4_2"
"file5adc4303e391song.seq_LK4_SongsSeq.fa",40,"Y","increasing","1_1.4_2"
"file5adc7d8f392csong.seq_LK5_SongsSeq.fa",27,"Y","increasing","1_1.4_2"
"file5adcf264094song.seq_LK6_SongsSeq.fa",20,"Y","increasing","1_1.4_2"
"file5adc1138e2fcsong.seq_LK7_SongsSeq.fa",40,"Y","increasing","1_1.4_2"
"file5adc63039cb2song.seq_LK8_SongsSeq.fa",32,"Y","increasing","1_1.4_2"
"file5adc1988da32song.seq_LK9_SongsSeq.fa",40,"N","increasing","1_1.4_2"
"file5adcb173b3bsong.seq_LK10_SongsSeq.fa",32,"Y","increasing","1_1.4_2"
"file5adc11deb27dsong.seq_LK11_SongsSeq.fa",24,"Y","increasing","1_1.4_2"
"file5adc189bb222song.seq_LK1_SongsSeq.fa",40,"Y","increasing","1_1.4_2"
"file5adc7aa87b63song.seq_LK2_SongsSeq.fa",40,"N","increasing","1_1.4_2"
"file5adc42a8652asong.seq_LK3_SongsSeq.fa",34,"Y","increasing","1_1.4_2"
"file5adc3667134dsong.seq_LK4_SongsSeq.fa",40,"Y","increasing","1_1.4_2"
"file5adc3b37c2f1song.seq_LK5_SongsSeq.fa",38,"Y","increasing","1_1.4_2"
"file5adc2f0df91fsong.seq_LK6_SongsSeq.fa",26,"Y","increasing","1_1.4_2"
"file5adc1e5b7e29song.seq_LK7_SongsSeq.fa",37,"Y","increasing","1_1.4_2"
"file5adc17d2eb75song.seq_LK8_SongsSeq.fa",31,"Y","increasing","1_1.4_2"
"file5adc129ffee5song.seq_LK9_SongsSeq.fa",40,"N","increasing","1_1.4_2"
"file5adc3fe7aae9song.seq_LK10_SongsSeq.fa",32,"Y","increasing","1_1.4_2"
"file5adc89acd68song.seq_LK11_SongsSeq.fa",24,"Y","increasing","1_1.4_2"
"file5adc3ed566f0song.seq_LK1_SongsSeq.fa",33,"Y","increasing","1_1.4_2"
"file5adc75e4c4b3song.seq_LK2_SongsSeq.fa",40,"Y","increasing","1_1.4_2"
"file5adc7c53e51asong.seq_LK3_SongsSeq.fa",35,"N","increasing","1_1.4_2"
"file5adc3a0d0d60song.seq_LK4_SongsSeq.fa",40,"Y","increasing","1_1.4_2"
"file5adc36b90388song.seq_LK5_SongsSeq.fa",30,"Y","increasing","1_1.4_2"
"file5adc703b6016song.seq_LK6_SongsSeq.fa",34,"Y","increasing","1_1.4_2"
"file5adc654fe0a3song.seq_LK7_SongsSeq.fa",18,"Y","increasing","1_1.4_2"
"file5adc16f0ccdasong.seq_LK8_SongsSeq.fa",20,"Y","increasing","1_1.4_2"
"file5adc1f47e6ecsong.seq_LK9_SongsSeq.fa",40,"Y","increasing","1_1.4_2"
"file5adc6e6eb23bsong.seq_LK10_SongsSeq.fa",35,"N","increasing","1_1.4_2"
"file5adc62b12598song.seq_LK11_SongsSeq.fa",18,"N","increasing","1_1.4_2"
"file5adc6fc60bc5song.seq_LK1_SongsSeq.fa",28,"Y","increasing","1_1.4_2"
"file5adc317295ccsong.seq_LK2_SongsSeq.fa",29,"Y","increasing","1_1.4_2"
"file5adc60405ec4song.seq_LK3_SongsSeq.fa",30,"N","increasing","1_1.4_2"
"file5adc7eec4c59song.seq_LK4_SongsSeq.fa",37,"Y","increasing","1_1.4_2"
"file5adc42ab78c8song.seq_LK5_SongsSeq.fa",40,"Y","increasing","1_1.4_2"
"file5adc4343fb77song.seq_LK6_SongsSeq.fa",21,"Y","increasing","1_1.4_2"
"file5adc1875268csong.seq_LK7_SongsSeq.fa",31,"Y","increasing","1_1.4_2"
"file5adc4dc2b403song.seq_LK8_SongsSeq.fa",26,"Y","increasing","1_1.4_2"
"file5adc5522adf4song.seq_LK9_SongsSeq.fa",40,"Y","increasing","1_1.4_2"
"file5adc3110d8aesong.seq_LK10_SongsSeq.fa",26,"Y","increasing","1_1.4_2"
"file5adc486b2f66song.seq_LK11_SongsSeq.fa",31,"Y","increasing","1_1.4_2"
"file5adc17cb131esong.seq_LK1_SongsSeq.fa",26,"N","increasing","1_1.4_2"
"file5adc6777ebfbsong.seq_LK2_SongsSeq.fa",40,"Y","increasing","1_1.4_2"
"file5adc3a2f257song.seq_LK3_SongsSeq.fa",31,"Y","increasing","1_1.4_2"
"file5adc46d90c3dsong.seq_LK4_SongsSeq.fa",40,"Y","increasing","1_1.4_2"
"file5adc5d36a25song.seq_LK5_SongsSeq.fa",28,"Y","increasing","1_1.4_2"
"file5adc1b75ddccsong.seq_LK6_SongsSeq.fa",19,"Y","increasing","1_1.4_2"
"file5adc59790b23song.seq_LK7_SongsSeq.fa",31,"Y","increasing","1_1.4_2"
"file5adc45bb150esong.seq_LK8_SongsSeq.fa",26,"N","increasing","1_1.4_2"
"file5adc2410ab34song.seq_LK9_SongsSeq.fa",40,"Y","increasing","1_1.4_2"
"file5adc184e7213song.seq_LK10_SongsSeq.fa",31,"N","increasing","1_1.4_2"
"file5adc3b9fd9c1song.seq_LK11_SongsSeq.fa",23,"Y","increasing","1_1.4_2"
"file5adc2064904fsong.seq_LK1_SongsSeq.fa",40,"Y","increasing","1_1.4_2"
"file5adc525b7f73song.seq_LK2_SongsSeq.fa",30,"N","increasing","1_1.4_2"
"file5adc7258dd4asong.seq_LK3_SongsSeq.fa",27,"Y","increasing","1_1.4_2"
"file5adc109ff065song.seq_LK4_SongsSeq.fa",37,"Y","increasing","1_1.4_2"
"file5adc37ab6017song.seq_LK5_SongsSeq.fa",25,"Y","increasing","1_1.4_2"
"file5adc949aa24song.seq_LK6_SongsSeq.fa",33,"Y","increasing","1_1.4_2"
"file5adc2fe7d752song.seq_LK7_SongsSeq.fa",27,"Y","increasing","1_1.4_2"
"file5adc261a1252song.seq_LK8_SongsSeq.fa",34,"Y","increasing","1_1.4_2"
"file5adc6bfacfbcsong.seq_LK9_SongsSeq.fa",40,"Y","increasing","1_1.4_2"
"file5adc1fade317song.seq_LK10_SongsSeq.fa",35,"N","increasing","1_1.4_2"
"file5adc578ca81esong.seq_LK11_SongsSeq.fa",17,"Y","increasing","1_1.4_2"
"file5adc4c3b2e81song.seq_LK1_SongsSeq.fa",36,"N","increasing","1_1.4_2"
"file5adc1e9a2f70song.seq_LK2_SongsSeq.fa",40,"Y","increasing","1_1.4_2"
"file5adc1a3820e6song.seq_LK3_SongsSeq.fa",40,"N","increasing","1_1.4_2"
"file5adcf7f29f8song.seq_LK4_SongsSeq.fa",37,"Y","increasing","1_1.4_2"
"file5adc370f55fcsong.seq_LK5_SongsSeq.fa",27,"Y","increasing","1_1.4_2"
"file5adc67fad4e9song.seq_LK6_SongsSeq.fa",29,"Y","increasing","1_1.4_2"
"file5adc64a1d7ecsong.seq_LK7_SongsSeq.fa",40,"Y","increasing","1_1.4_2"
"file5adc68202eaasong.seq_LK8_SongsSeq.fa",40,"Y","increasing","1_1.4_2"
"file5adc3066044fsong.seq_LK9_SongsSeq.fa",40,"N","increasing","1_1.4_2"
"file5adc7c6ceb0asong.seq_LK10_SongsSeq.fa",32,"N","increasing","1_1.4_2"
"file5adc4f981aa6song.seq_LK11_SongsSeq.fa",27,"Y","increasing","1_1.4_2"
"file5adc3408f6a7song.seq_LK1_SongsSeq.fa",40,"Y","increasing","1_1.4_2"
"file5adc4345f748song.seq_LK2_SongsSeq.fa",25,"N","increasing","1_1.4_2"
"file5adc556b84cbsong.seq_LK3_SongsSeq.fa",40,"Y","increasing","1_1.4_2"
"file5adc4f7ed473song.seq_LK4_SongsSeq.fa",40,"Y","increasing","1_1.4_2"
"file5adc1cbf026bsong.seq_LK5_SongsSeq.fa",22,"Y","increasing","1_1.4_2"
"file5adc1b2699d9song.seq_LK6_SongsSeq.fa",13,"Y","increasing","1_1.4_2"
"file5adc738f7fa8song.seq_LK7_SongsSeq.fa",40,"N","increasing","1_1.4_2"
"file5adc350d747esong.seq_LK8_SongsSeq.fa",34,"Y","increasing","1_1.4_2"
"file5adc56c6739asong.seq_LK9_SongsSeq.fa",40,"Y","increasing","1_1.4_2"
"file5adc13f40ff7song.seq_LK10_SongsSeq.fa",31,"Y","increasing","1_1.4_2"
"file5adc768f3f2song.seq_LK11_SongsSeq.fa",31,"Y","increasing","1_1.4_2"
"file5adc491f50e4song.seq_LK1_SongsSeq.fa",27,"Y","increasing","1_1.4_2"
"file5adc2494005csong.seq_LK2_SongsSeq.fa",40,"Y","increasing","1_1.4_2"
"file5adc3f145409song.seq_LK3_SongsSeq.fa",40,"Y","increasing","1_1.4_2"
"file5adc5268fb09song.seq_LK4_SongsSeq.fa",40,"Y","increasing","1_1.4_2"
"file5adc547bd7aesong.seq_LK5_SongsSeq.fa",30,"Y","increasing","1_1.4_2"
"file5adc652e665bsong.seq_LK6_SongsSeq.fa",19,"Y","increasing","1_1.4_2"
"file5adc3e63cac5song.seq_LK7_SongsSeq.fa",27,"Y","increasing","1_1.4_2"
"file5adc7429bac5song.seq_LK8_SongsSeq.fa",27,"Y","increasing","1_1.4_2"
"file5adc3cbb0e79song.seq_LK9_SongsSeq.fa",40,"N","increasing","1_1.4_2"
"file5adca9ef946song.seq_LK10_SongsSeq.fa",31,"Y","increasing","1_1.4_2"
"file5adc12c3ea36song.seq_LK11_SongsSeq.fa",22,"Y","increasing","1_1.4_2"
"file5adc56f32f5fsong.seq_LK1_SongsSeq.fa",28,"Y","increasing","1_1.4_2"
"file5adc1a1e233esong.seq_LK2_SongsSeq.fa",40,"Y","increasing","1_1.4_2"
"file5adc49d34032song.seq_LK3_SongsSeq.fa",40,"Y","increasing","1_1.4_2"
"file5adc3eee0448song.seq_LK4_SongsSeq.fa",40,"N","increasing","1_1.4_2"
"file5adc7ebffb2asong.seq_LK5_SongsSeq.fa",37,"Y","increasing","1_1.4_2"
"file5adc31f36eddsong.seq_LK6_SongsSeq.fa",24,"Y","increasing","1_1.4_2"
"file5adc6f540897song.seq_LK7_SongsSeq.fa",31,"Y","increasing","1_1.4_2"
"file5adc7b2ce635song.seq_LK8_SongsSeq.fa",32,"Y","increasing","1_1.4_2"
"file5adc18b8983song.seq_LK9_SongsSeq.fa",40,"N","increasing","1_1.4_2"
"file5adc235cff3esong.seq_LK10_SongsSeq.fa",33,"N","increasing","1_1.4_2"
"file5adc3e72dd7dsong.seq_LK11_SongsSeq.fa",26,"Y","increasing","1_1.4_2"
"file5adc56f70e4esong.seq_LK1_SongsSeq.fa",31,"N","increasing","1_1.4_2"
"file5adc72dbd3b2song.seq_LK2_SongsSeq.fa",40,"N","increasing","1_1.4_2"
"file5adc5b31dfe8song.seq_LK3_SongsSeq.fa",40,"Y","increasing","1_1.4_2"
"file5adc721da827song.seq_LK4_SongsSeq.fa",40,"Y","increasing","1_1.4_2"
"file5adc666b535asong.seq_LK5_SongsSeq.fa",22,"Y","increasing","1_1.4_2"
"file5adc103f5466song.seq_LK6_SongsSeq.fa",18,"N","increasing","1_1.4_2"
"file5adc48e41bc1song.seq_LK7_SongsSeq.fa",32,"Y","increasing","1_1.4_2"
"file5adc7a5f6351song.seq_LK8_SongsSeq.fa",28,"Y","increasing","1_1.4_2"
"file5adc17a84858song.seq_LK9_SongsSeq.fa",40,"N","increasing","1_1.4_2"
"file5adc12036ca6song.seq_LK10_SongsSeq.fa",40,"Y","increasing","1_1.4_2"
"file5adc1ef363adsong.seq_LK11_SongsSeq.fa",40,"N","increasing","1_1.4_2"
"file5adc56bc9c61song.seq_LK1_SongsSeq.fa",31,"Y","increasing","1_1.4_2"
"file5adc646c67afsong.seq_LK2_SongsSeq.fa",40,"N","increasing","1_1.4_2"
"file5adc736f3b5csong.seq_LK3_SongsSeq.fa",40,"Y","increasing","1_1.4_2"
"file5adc3beb02bcsong.seq_LK4_SongsSeq.fa",40,"Y","increasing","1_1.4_2"
"file5adc22d03274song.seq_LK5_SongsSeq.fa",39,"Y","increasing","1_1.4_2"
"file5adc6798f621song.seq_LK6_SongsSeq.fa",31,"Y","increasing","1_1.4_2"
"file5adc78a61135song.seq_LK7_SongsSeq.fa",38,"Y","increasing","1_1.4_2"
"file5adc2d6f2bbbsong.seq_LK8_SongsSeq.fa",40,"Y","increasing","1_1.4_2"
"file5adc7a5ce057song.seq_LK9_SongsSeq.fa",40,"N","increasing","1_1.4_2"
"file5adc4f994094song.seq_LK10_SongsSeq.fa",38,"Y","increasing","1_1.4_2"
"file5adc478d4ef9song.seq_LK11_SongsSeq.fa",34,"Y","increasing","1_1.4_2"
"file5adc4430208asong.seq_LK1_SongsSeq.fa",28,"Y","increasing","1_1.4_2"
"file5adce8744dcsong.seq_LK2_SongsSeq.fa",35,"Y","increasing","1_1.4_2"
"file5adc464d4a24song.seq_LK3_SongsSeq.fa",33,"Y","increasing","1_1.4_2"
"file5adc76238f67song.seq_LK4_SongsSeq.fa",40,"Y","increasing","1_1.4_2"
"file5adc7ddb4d74song.seq_LK5_SongsSeq.fa",21,"Y","increasing","1_1.4_2"
"file5adc417a3059song.seq_LK6_SongsSeq.fa",20,"Y","increasing","1_1.4_2"
"file5adc77af18easong.seq_LK7_SongsSeq.fa",32,"N","increasing","1_1.4_2"
"file5adc21384cb2song.seq_LK8_SongsSeq.fa",30,"Y","increasing","1_1.4_2"
"file5adc7fed0dd6song.seq_LK9_SongsSeq.fa",40,"Y","increasing","1_1.4_2"
"file5adc4ea62738song.seq_LK10_SongsSeq.fa",37,"Y","increasing","1_1.4_2"
"file5adc14142064song.seq_LK11_SongsSeq.fa",26,"Y","increasing","1_1.4_2"
"file5adc5b1eedbesong.seq_LK1_SongsSeq.fa",38,"Y","increasing","1_1.4_2"
"file5adc40c3cf5fsong.seq_LK2_SongsSeq.fa",40,"Y","increasing","1_1.4_2"
"file5adc7a7f73besong.seq_LK3_SongsSeq.fa",40,"Y","increasing","1_1.4_2"
"file5adc6b5e4224song.seq_LK4_SongsSeq.fa",37,"Y","increasing","1_1.4_2"
"file5adc9a7eb20song.seq_LK5_SongsSeq.fa",28,"Y","increasing","1_1.4_2"
"file5adc74ded70fsong.seq_LK6_SongsSeq.fa",37,"Y","increasing","1_1.4_2"
"file5adc3068a7dsong.seq_LK7_SongsSeq.fa",27,"N","increasing","1_1.4_2"
"file5adc1bab57c6song.seq_LK8_SongsSeq.fa",24,"Y","increasing","1_1.4_2"
"file5adc13d23abdsong.seq_LK9_SongsSeq.fa",40,"N","increasing","1_1.4_2"
"file5adc59c326desong.seq_LK10_SongsSeq.fa",40,"N","increasing","1_1.4_2"
"file5adc17bf75song.seq_LK11_SongsSeq.fa",25,"Y","increasing","1_1.4_2"
"file5adc7417619song.seq_LK1_SongsSeq.fa",19,"Y","increasing","1_1.4_2"
"file5adc15ae299bsong.seq_LK2_SongsSeq.fa",40,"Y","increasing","1_1.4_2"
"file5adc22e7f1easong.seq_LK3_SongsSeq.fa",38,"Y","increasing","1_1.4_2"
"file5adc6eda6c3asong.seq_LK4_SongsSeq.fa",33,"Y","increasing","1_1.4_2"
"file5adce543ad0song.seq_LK5_SongsSeq.fa",29,"Y","increasing","1_1.4_2"
"file5adc50571da5song.seq_LK6_SongsSeq.fa",32,"Y","increasing","1_1.4_2"
"file5adc69374c92song.seq_LK7_SongsSeq.fa",29,"Y","increasing","1_1.4_2"
"file5adc5ded7b65song.seq_LK8_SongsSeq.fa",25,"N","increasing","1_1.4_2"
"file5adc17e46c9esong.seq_LK9_SongsSeq.fa",40,"Y","increasing","1_1.4_2"
"file5adc2d676d1csong.seq_LK10_SongsSeq.fa",40,"N","increasing","1_1.4_2"
"file5adc6c74c041song.seq_LK11_SongsSeq.fa",12,"Y","increasing","1_1.4_2"
"file5adc5e31b6c2song.seq_LK1_SongsSeq.fa",25,"N","increasing","1_1.4_2"
"file5adc238afc83song.seq_LK2_SongsSeq.fa",40,"Y","increasing","1_1.4_2"
"file5adc6a500db5song.seq_LK3_SongsSeq.fa",40,"Y","increasing","1_1.4_2"
"file5adc1fabe71bsong.seq_LK4_SongsSeq.fa",32,"Y","increasing","1_1.4_2"
"file5adc1b3a156dsong.seq_LK5_SongsSeq.fa",32,"Y","increasing","1_1.4_2"
"file5adcb885a68song.seq_LK6_SongsSeq.fa",15,"Y","increasing","1_1.4_2"
"file5adc1f98f4f1song.seq_LK7_SongsSeq.fa",28,"Y","increasing","1_1.4_2"
"file5adc69e03ca5song.seq_LK8_SongsSeq.fa",31,"Y","increasing","1_1.4_2"
"file5adc1f9c7accsong.seq_LK9_SongsSeq.fa",40,"Y","increasing","1_1.4_2"
"file5adc7ab7e2afsong.seq_LK10_SongsSeq.fa",34,"Y","increasing","1_1.4_2"
"file5adc2aa40c04song.seq_LK11_SongsSeq.fa",28,"Y","increasing","1_1.4_2"
"file5adc1a1bee8bsong.seq_LK1_SongsSeq.fa",29,"Y","increasing","1_1.4_2"
"file5adc661624d4song.seq_LK2_SongsSeq.fa",37,"N","increasing","1_1.4_2"
"file5adc344bf724song.seq_LK3_SongsSeq.fa",39,"Y","increasing","1_1.4_2"
"file5adcefac59asong.seq_LK4_SongsSeq.fa",40,"Y","increasing","1_1.4_2"
"file5adc691caf51song.seq_LK5_SongsSeq.fa",40,"Y","increasing","1_1.4_2"
"file5adc4ff74eebsong.seq_LK6_SongsSeq.fa",34,"Y","increasing","1_1.4_2"
"file5adc22cd0057song.seq_LK7_SongsSeq.fa",34,"Y","increasing","1_1.4_2"
"file5adc42dfd62fsong.seq_LK8_SongsSeq.fa",26,"N","increasing","1_1.4_2"
"file5adc500f0e60song.seq_LK9_SongsSeq.fa",40,"N","increasing","1_1.4_2"
"file5adc2a0e7670song.seq_LK10_SongsSeq.fa",38,"Y","increasing","1_1.4_2"
"file5adc588dffcasong.seq_LK11_SongsSeq.fa",19,"Y","increasing","1_1.4_2"
"file5adc72f7004asong.seq_LK1_SongsSeq.fa",26,"Y","increasing","1_1.4_2"
"file5adc18e8e2absong.seq_LK2_SongsSeq.fa",38,"Y","increasing","1_1.4_2"
"file5adc66e23a9bsong.seq_LK3_SongsSeq.fa",23,"Y","increasing","1_1.4_2"
"file5adc434e1defsong.seq_LK4_SongsSeq.fa",40,"N","increasing","1_1.4_2"
"file5adc2202f3dsong.seq_LK5_SongsSeq.fa",26,"Y","increasing","1_1.4_2"
"file5adc44cfb600song.seq_LK6_SongsSeq.fa",28,"Y","increasing","1_1.4_2"
"file5adc5b328a8esong.seq_LK7_SongsSeq.fa",40,"Y","increasing","1_1.4_2"
"file5adc2f879c59song.seq_LK8_SongsSeq.fa",33,"Y","increasing","1_1.4_2"
"file5adc31447641song.seq_LK9_SongsSeq.fa",40,"N","increasing","1_1.4_2"
"file5adc39644150song.seq_LK10_SongsSeq.fa",40,"Y","increasing","1_1.4_2"
"file5adc531298dcsong.seq_LK11_SongsSeq.fa",31,"Y","increasing","1_1.4_2"
"file5adc1b9483f7song.seq_LK1_SongsSeq.fa",40,"Y","increasing","1_1.4_2"
"file5adc5910286csong.seq_LK2_SongsSeq.fa",37,"N","increasing","1_1.4_2"
"file5adc6e4cae49song.seq_LK3_SongsSeq.fa",33,"Y","increasing","1_1.4_2"
"file5adc271cde5fsong.seq_LK4_SongsSeq.fa",36,"Y","increasing","1_1.4_2"
"file5adc78a91d5dsong.seq_LK5_SongsSeq.fa",24,"Y","increasing","1_1.4_2"
"file5adc582ceaeesong.seq_LK6_SongsSeq.fa",29,"Y","increasing","1_1.4_2"
"file5adc46b9592bsong.seq_LK7_SongsSeq.fa",28,"N","increasing","1_1.4_2"
"file5adc7361000dsong.seq_LK8_SongsSeq.fa",26,"Y","increasing","1_1.4_2"
"file5adc2d0f6f2song.seq_LK9_SongsSeq.fa",40,"Y","increasing","1_1.4_2"
"file5adc60d547b6song.seq_LK10_SongsSeq.fa",24,"Y","increasing","1_1.4_2"
"file5adc597724e1song.seq_LK11_SongsSeq.fa",21,"Y","increasing","1_1.4_2"
"file5adc371cee16song.seq_LK1_SongsSeq.fa",40,"Y","increasing","1_1.4_2"
"file5adc6fd00d51song.seq_LK2_SongsSeq.fa",33,"Y","increasing","1_1.4_2"
"file5adc4293d432song.seq_LK3_SongsSeq.fa",36,"N","increasing","1_1.4_2"
"file5adc7143d01song.seq_LK4_SongsSeq.fa",39,"Y","increasing","1_1.4_2"
"file5adc129d0da8song.seq_LK5_SongsSeq.fa",39,"N","increasing","1_1.4_2"
"file5adc573aa61song.seq_LK6_SongsSeq.fa",35,"N","increasing","1_1.4_2"
"file5adc57234b62song.seq_LK7_SongsSeq.fa",40,"N","increasing","1_1.4_2"
"file5adc3cab8419song.seq_LK8_SongsSeq.fa",32,"N","increasing","1_1.4_2"
"file5adc5e01aa2csong.seq_LK9_SongsSeq.fa",40,"N","increasing","1_1.4_2"
"file5adc4a1a4bacsong.seq_LK10_SongsSeq.fa",37,"Y","increasing","1_1.4_2"
"file5adc559466c4song.seq_LK11_SongsSeq.fa",24,"Y","increasing","1_1.4_2"
"file5adc44e3e4c7song.seq_LK1_SongsSeq.fa",35,"N","increasing","1_1.4_2"
"file5adcd68699csong.seq_LK2_SongsSeq.fa",34,"Y","increasing","1_1.4_2"
"file5adc57b49601song.seq_LK3_SongsSeq.fa",26,"N","increasing","1_1.4_2"
"file5adc9b39ac7song.seq_LK4_SongsSeq.fa",40,"Y","increasing","1_1.4_2"
"file5adc689af42asong.seq_LK5_SongsSeq.fa",27,"Y","increasing","1_1.4_2"
"file5adc73c325asong.seq_LK6_SongsSeq.fa",32,"Y","increasing","1_1.4_2"
"file5adc3af81108song.seq_LK7_SongsSeq.fa",36,"Y","increasing","1_1.4_2"
"file5adc21ff357asong.seq_LK8_SongsSeq.fa",38,"Y","increasing","1_1.4_2"
"file5adc5a4ecb36song.seq_LK9_SongsSeq.fa",40,"Y","increasing","1_1.4_2"
"file5adc568c94ffsong.seq_LK10_SongsSeq.fa",31,"Y","increasing","1_1.4_2"
"file5adc7b0f5de6song.seq_LK11_SongsSeq.fa",30,"N","increasing","1_1.4_2"
"file5adc489b797fsong.seq_LK1_SongsSeq.fa",24,"N","increasing","1_1.4_2"
"file5adc7da9735esong.seq_LK2_SongsSeq.fa",40,"N","increasing","1_1.4_2"
"file5adc73b87b44song.seq_LK3_SongsSeq.fa",34,"Y","increasing","1_1.4_2"
"file5adc20c8646dsong.seq_LK4_SongsSeq.fa",37,"Y","increasing","1_1.4_2"
"file5adc4462cc8asong.seq_LK5_SongsSeq.fa",24,"Y","increasing","1_1.4_2"
"file5adc67197b51song.seq_LK6_SongsSeq.fa",20,"Y","increasing","1_1.4_2"
"file5adc23995b5fsong.seq_LK7_SongsSeq.fa",38,"Y","increasing","1_1.4_2"
"file5adc25381440song.seq_LK8_SongsSeq.fa",36,"Y","increasing","1_1.4_2"
"file5adc4090a032song.seq_LK9_SongsSeq.fa",38,"Y","increasing","1_1.4_2"
"file5adc5ab64975song.seq_LK10_SongsSeq.fa",38,"Y","increasing","1_1.4_2"
"file5adc15082191song.seq_LK11_SongsSeq.fa",9,"Y","increasing","1_1.4_2"
"file5adc3247464song.seq_LK1_SongsSeq.fa",32,"N","increasing","1_1.4_2"
"file5adc61ca8677song.seq_LK2_SongsSeq.fa",40,"Y","increasing","1_1.4_2"
"file5adc27a52f3asong.seq_LK3_SongsSeq.fa",33,"Y","increasing","1_1.4_2"
"file5adc8981ec5song.seq_LK4_SongsSeq.fa",38,"Y","increasing","1_1.4_2"
"file5adc38edd1d9song.seq_LK5_SongsSeq.fa",31,"Y","increasing","1_1.4_2"
"file5adc6450b353song.seq_LK6_SongsSeq.fa",29,"Y","increasing","1_1.4_2"
"file5adc6699c8f1song.seq_LK7_SongsSeq.fa",40,"Y","increasing","1_1.4_2"
"file5adc3081d85song.seq_LK8_SongsSeq.fa",32,"Y","increasing","1_1.4_2"
"file5adc39e51a17song.seq_LK9_SongsSeq.fa",40,"Y","increasing","1_1.4_2"
"file5adc2b7dadb8song.seq_LK10_SongsSeq.fa",33,"Y","increasing","1_1.4_2"
"file5adc10708721song.seq_LK11_SongsSeq.fa",25,"Y","increasing","1_1.4_2"
"file5adc1199b018song.seq_LK1_SongsSeq.fa",37,"Y","increasing","1_1.4_2"
"file5adc3531487fsong.seq_LK2_SongsSeq.fa",40,"Y","increasing","1_1.4_2"
"file5adc790b7b4bsong.seq_LK3_SongsSeq.fa",40,"Y","increasing","1_1.4_2"
"file5adc18d5e272song.seq_LK4_SongsSeq.fa",40,"N","increasing","1_1.4_2"
"file5adc70295988song.seq_LK5_SongsSeq.fa",24,"N","increasing","1_1.4_2"
"file5adc1b0ab0c6song.seq_LK6_SongsSeq.fa",26,"N","increasing","1_1.4_2"
"file5adc7324ada8song.seq_LK7_SongsSeq.fa",40,"N","increasing","1_1.4_2"
"file5adc46b5ee87song.seq_LK8_SongsSeq.fa",28,"Y","increasing","1_1.4_2"
"file5adc161a0eacsong.seq_LK9_SongsSeq.fa",40,"N","increasing","1_1.4_2"
"file5adc3bc02727song.seq_LK10_SongsSeq.fa",28,"Y","increasing","1_1.4_2"
"file5adc445f61e6song.seq_LK11_SongsSeq.fa",31,"Y","increasing","1_1.4_2"
"file5adc9d289f0song.seq_LK1_SongsSeq.fa",35,"Y","increasing","1_1.4_2"
"file5adc5c888b94song.seq_LK2_SongsSeq.fa",40,"Y","increasing","1_1.4_2"
"file5adc8c22e70song.seq_LK3_SongsSeq.fa",35,"Y","increasing","1_1.4_2"
"file5adc70ec0541song.seq_LK4_SongsSeq.fa",28,"Y","increasing","1_1.4_2"
"file5adc21e6f3song.seq_LK5_SongsSeq.fa",36,"N","increasing","1_1.4_2"
"file5adc2dfa42b0song.seq_LK6_SongsSeq.fa",30,"N","increasing","1_1.4_2"
"file5adc317ca573song.seq_LK7_SongsSeq.fa",27,"Y","increasing","1_1.4_2"
"file5adc5ad83068song.seq_LK8_SongsSeq.fa",28,"N","increasing","1_1.4_2"
"file5adc43026442song.seq_LK9_SongsSeq.fa",40,"Y","increasing","1_1.4_2"
"file5adc34a119d7song.seq_LK10_SongsSeq.fa",40,"Y","increasing","1_1.4_2"
"file5adc3ca2b6dfsong.seq_LK11_SongsSeq.fa",32,"N","increasing","1_1.4_2"
"file5adc6aa7937csong.seq_LK1_SongsSeq.fa",40,"Y","increasing","1_1.4_2"
"file5adc3d39389dsong.seq_LK2_SongsSeq.fa",32,"Y","increasing","1_1.4_2"
"file5adc759088b8song.seq_LK3_SongsSeq.fa",34,"Y","increasing","1_1.4_2"
"file5adc4ef846cfsong.seq_LK4_SongsSeq.fa",40,"Y","increasing","1_1.4_2"
"file5adc23d3018esong.seq_LK5_SongsSeq.fa",40,"Y","increasing","1_1.4_2"
"file5adc7898a63esong.seq_LK6_SongsSeq.fa",21,"Y","increasing","1_1.4_2"
"file5adc8dd60e6song.seq_LK7_SongsSeq.fa",34,"N","increasing","1_1.4_2"
"file5adc4f50af47song.seq_LK8_SongsSeq.fa",35,"Y","increasing","1_1.4_2"
"file5adc9092d5fsong.seq_LK9_SongsSeq.fa",40,"Y","increasing","1_1.4_2"
"file5adc1a7710fesong.seq_LK10_SongsSeq.fa",36,"Y","increasing","1_1.4_2"
"file5adc481f7c6song.seq_LK11_SongsSeq.fa",26,"Y","increasing","1_1.4_2"
"file5adc214a8absong.seq_LK1_SongsSeq.fa",27,"Y","increasing","1_1.4_2"
"file5adc334cf370song.seq_LK2_SongsSeq.fa",40,"Y","increasing","1_1.4_2"
"file5adc74ab514esong.seq_LK3_SongsSeq.fa",34,"Y","increasing","1_1.4_2"
"file5adc1d1f5971song.seq_LK4_SongsSeq.fa",39,"Y","increasing","1_1.4_2"
"file5adc2671a118song.seq_LK5_SongsSeq.fa",32,"Y","increasing","1_1.4_2"
"file5adc3b613fd6song.seq_LK6_SongsSeq.fa",26,"N","increasing","1_1.4_2"
"file5adc3339681dsong.seq_LK7_SongsSeq.fa",30,"Y","increasing","1_1.4_2"
"file5adc6231c83fsong.seq_LK8_SongsSeq.fa",25,"Y","increasing","1_1.4_2"
"file5adc7fc0a1bcsong.seq_LK9_SongsSeq.fa",40,"N","increasing","1_1.4_2"
"file5adc3d0bf20esong.seq_LK10_SongsSeq.fa",38,"N","increasing","1_1.4_2"
"file5adc3eba53d3song.seq_LK11_SongsSeq.fa",22,"N","increasing","1_1.4_2"
"file5adc882d02csong.seq_LK1_SongsSeq.fa",37,"Y","increasing","1_1.4_2"
"file5adc2df7f74fsong.seq_LK2_SongsSeq.fa",40,"N","increasing","1_1.4_2"
"file5adc3edc3ac6song.seq_LK3_SongsSeq.fa",37,"Y","increasing","1_1.4_2"
"file5adc367d12dcsong.seq_LK4_SongsSeq.fa",40,"N","increasing","1_1.4_2"
"file5adc5f749cc3song.seq_LK5_SongsSeq.fa",37,"N","increasing","1_1.4_2"
"file5adc19b46b2esong.seq_LK6_SongsSeq.fa",18,"Y","increasing","1_1.4_2"
"file5adc797f771esong.seq_LK7_SongsSeq.fa",34,"Y","increasing","1_1.4_2"
"file5adc1415b69asong.seq_LK8_SongsSeq.fa",35,"Y","increasing","1_1.4_2"
"file5adc5657220esong.seq_LK9_SongsSeq.fa",40,"Y","increasing","1_1.4_2"
"file5adc64270a9asong.seq_LK10_SongsSeq.fa",30,"Y","increasing","1_1.4_2"
"file5adc514eef37song.seq_LK11_SongsSeq.fa",18,"N","increasing","1_1.4_2"
"file5adc4be7aac6song.seq_LK1_SongsSeq.fa",21,"Y","increasing","1_1.4_2"
"file5adc331f5169song.seq_LK2_SongsSeq.fa",36,"N","increasing","1_1.4_2"
"file5adc7521f0c6song.seq_LK3_SongsSeq.fa",40,"N","increasing","1_1.4_2"
"file5adc44805104song.seq_LK4_SongsSeq.fa",40,"Y","increasing","1_1.4_2"
"file5adc3bfcb24fsong.seq_LK5_SongsSeq.fa",18,"Y","increasing","1_1.4_2"
"file5adc4472a00dsong.seq_LK6_SongsSeq.fa",33,"Y","increasing","1_1.4_2"
"file5adc4d897e64song.seq_LK7_SongsSeq.fa",37,"Y","increasing","1_1.4_2"
"file5adc5673c34dsong.seq_LK8_SongsSeq.fa",40,"Y","increasing","1_1.4_2"
"file5adc48f497d3song.seq_LK9_SongsSeq.fa",40,"Y","increasing","1_1.4_2"
"file5adc4f9e270fsong.seq_LK10_SongsSeq.fa",38,"N","increasing","1_1.4_2"
"file5adc9c0b6bdsong.seq_LK11_SongsSeq.fa",30,"Y","increasing","1_1.4_2"
"file5adc3d9fe922song.seq_LK1_SongsSeq.fa",26,"Y","increasing","1_1.4_2"
"file5adc6cbd8080song.seq_LK2_SongsSeq.fa",40,"N","increasing","1_1.4_2"
"file5adc303257d5song.seq_LK3_SongsSeq.fa",40,"Y","increasing","1_1.4_2"
"file5adc790128f8song.seq_LK4_SongsSeq.fa",40,"Y","increasing","1_1.4_2"
"file5adc1ff6e89dsong.seq_LK5_SongsSeq.fa",31,"Y","increasing","1_1.4_2"
"file5adc12642014song.seq_LK6_SongsSeq.fa",23,"Y","increasing","1_1.4_2"
"file5adc78c1cab4song.seq_LK7_SongsSeq.fa",40,"Y","increasing","1_1.4_2"
"file5adc5d02daabsong.seq_LK8_SongsSeq.fa",29,"Y","increasing","1_1.4_2"
"file5adc511e73e7song.seq_LK9_SongsSeq.fa",40,"N","increasing","1_1.4_2"
"file5adc1449ae0song.seq_LK10_SongsSeq.fa",32,"N","increasing","1_1.4_2"
"file5adcafad1fbsong.seq_LK11_SongsSeq.fa",26,"Y","increasing","1_1.4_2"
"file5adcffaaeadsong.seq_LK1_SongsSeq.fa",37,"Y","increasing","1_1.4_2"
"file5adc37c1adbcsong.seq_LK2_SongsSeq.fa",40,"Y","increasing","1_1.4_2"
"file5adc6a6f6ebesong.seq_LK3_SongsSeq.fa",31,"Y","increasing","1_1.4_2"
"file5adc29af19dcsong.seq_LK4_SongsSeq.fa",40,"N","increasing","1_1.4_2"
"file5adc314124dbsong.seq_LK5_SongsSeq.fa",30,"Y","increasing","1_1.4_2"
"file5adc7e852558song.seq_LK6_SongsSeq.fa",32,"N","increasing","1_1.4_2"
"file5adc63beasong.seq_LK7_SongsSeq.fa",35,"Y","increasing","1_1.4_2"
"file5adc15682f75song.seq_LK8_SongsSeq.fa",33,"Y","increasing","1_1.4_2"
"file5adc4fd41490song.seq_LK9_SongsSeq.fa",40,"Y","increasing","1_1.4_2"
"file5adc4bede6b0song.seq_LK10_SongsSeq.fa",32,"Y","increasing","1_1.4_2"
"file5adc488780dfsong.seq_LK11_SongsSeq.fa",35,"Y","increasing","1_1.4_2"
"file5adc44f60556song.seq_LK1_SongsSeq.fa",35,"N","increasing","1_1.4_2"
"file5adc106e37b5song.seq_LK2_SongsSeq.fa",38,"Y","increasing","1_1.4_2"
"file5adc484332esong.seq_LK3_SongsSeq.fa",40,"Y","increasing","1_1.4_2"
"file5adc968a563song.seq_LK4_SongsSeq.fa",34,"Y","increasing","1_1.4_2"
"file5adc5df7b619song.seq_LK5_SongsSeq.fa",39,"N","increasing","1_1.4_2"
"file5adc5af7f67csong.seq_LK6_SongsSeq.fa",28,"Y","increasing","1_1.4_2"
"file5adc525d3d36song.seq_LK7_SongsSeq.fa",40,"N","increasing","1_1.4_2"
"file5adc2d95dd28song.seq_LK8_SongsSeq.fa",26,"N","increasing","1_1.4_2"
"file5adc64b8ad39song.seq_LK9_SongsSeq.fa",40,"Y","increasing","1_1.4_2"
"file5adcffd2658song.seq_LK10_SongsSeq.fa",31,"Y","increasing","1_1.4_2"
"file5adc1a535da8song.seq_LK11_SongsSeq.fa",21,"Y","increasing","1_1.4_2"
"file5adc14eb050fsong.seq_LK1_SongsSeq.fa",31,"Y","increasing","1_1.4_2"
"file5adc8fe4f50song.seq_LK2_SongsSeq.fa",40,"Y","increasing","1_1.4_2"
"file5adc3a4a4645song.seq_LK3_SongsSeq.fa",37,"Y","increasing","1_1.4_2"
"file5adc274f2523song.seq_LK4_SongsSeq.fa",38,"Y","increasing","1_1.4_2"
"file5adc1c01a04song.seq_LK5_SongsSeq.fa",27,"N","increasing","1_1.4_2"
"file5adc174d20f1song.seq_LK6_SongsSeq.fa",27,"Y","increasing","1_1.4_2"
"file5adc786d990bsong.seq_LK7_SongsSeq.fa",31,"Y","increasing","1_1.4_2"
"file5adc304b4e4song.seq_LK8_SongsSeq.fa",31,"Y","increasing","1_1.4_2"
"file5adc2247f2ecsong.seq_LK9_SongsSeq.fa",40,"Y","increasing","1_1.4_2"
"file5adc86847b8song.seq_LK10_SongsSeq.fa",40,"N","increasing","1_1.4_2"
"file5adc3ac662a1song.seq_LK11_SongsSeq.fa",22,"Y","increasing","1_1.4_2"
"file5adccb761aasong.seq_LK1_SongsSeq.fa",40,"N","increasing","1_1.4_2"
"file5adc32176194song.seq_LK2_SongsSeq.fa",40,"Y","increasing","1_1.4_2"
"file5adc6c07877csong.seq_LK3_SongsSeq.fa",32,"Y","increasing","1_1.4_2"
"file5adcb3c8702song.seq_LK4_SongsSeq.fa",29,"Y","increasing","1_1.4_2"
"file5adc321d9d7esong.seq_LK5_SongsSeq.fa",28,"N","increasing","1_1.4_2"
"file5adc16fb6f1song.seq_LK6_SongsSeq.fa",25,"Y","increasing","1_1.4_2"
"file5adc5b109b92song.seq_LK7_SongsSeq.fa",40,"Y","increasing","1_1.4_2"
"file5adc7e0b842fsong.seq_LK8_SongsSeq.fa",35,"Y","increasing","1_1.4_2"
"file5adc49f737d0song.seq_LK9_SongsSeq.fa",40,"N","increasing","1_1.4_2"
"file5adc2006a0e8song.seq_LK10_SongsSeq.fa",33,"Y","increasing","1_1.4_2"
"file5adce79bbe4song.seq_LK11_SongsSeq.fa",33,"N","increasing","1_1.4_2"
"file5adc4e7b6affsong.seq_LK1_SongsSeq.fa",34,"N","increasing","1_1.4_2"
"file5adc296f464bsong.seq_LK2_SongsSeq.fa",28,"Y","increasing","1_1.4_2"
"file5adc6c7171fdsong.seq_LK3_SongsSeq.fa",40,"Y","increasing","1_1.4_2"
"file5adc2973617bsong.seq_LK4_SongsSeq.fa",38,"N","increasing","1_1.4_2"
"file5adc7bcc8382song.seq_LK5_SongsSeq.fa",38,"Y","increasing","1_1.4_2"
"file5adc1a074f25song.seq_LK6_SongsSeq.fa",37,"N","increasing","1_1.4_2"
"file5adce2c0eb4song.seq_LK7_SongsSeq.fa",22,"N","increasing","1_1.4_2"
"file5adcbc9a9dasong.seq_LK8_SongsSeq.fa",37,"Y","increasing","1_1.4_2"
"file5adc345aaccdsong.seq_LK9_SongsSeq.fa",40,"N","increasing","1_1.4_2"
"file5adc231713c3song.seq_LK10_SongsSeq.fa",20,"N","increasing","1_1.4_2"
"file5adc14c7f92bsong.seq_LK11_SongsSeq.fa",34,"Y","increasing","1_1.4_2"
"file5adc6ea4f312song.seq_LK1_SongsSeq.fa",35,"Y","increasing","1_1.4_2"
"file5adc4a6638e7song.seq_LK2_SongsSeq.fa",40,"Y","increasing","1_1.4_2"
"file5adc1688132fsong.seq_LK3_SongsSeq.fa",36,"Y","increasing","1_1.4_2"
"file5adc5f21403song.seq_LK4_SongsSeq.fa",40,"Y","increasing","1_1.4_2"
"file5adc42d3d1f2song.seq_LK5_SongsSeq.fa",26,"N","increasing","1_1.4_2"
"file5adc198cc814song.seq_LK6_SongsSeq.fa",32,"Y","increasing","1_1.4_2"
"file5adc283a06efsong.seq_LK7_SongsSeq.fa",30,"Y","increasing","1_1.4_2"
"file5adc4b3c19aasong.seq_LK8_SongsSeq.fa",38,"Y","increasing","1_1.4_2"
"file5adc54532ab5song.seq_LK9_SongsSeq.fa",40,"Y","increasing","1_1.4_2"
"file5adc34f16899song.seq_LK10_SongsSeq.fa",26,"Y","increasing","1_1.4_2"
"file5adc7d537b3fsong.seq_LK11_SongsSeq.fa",30,"Y","increasing","1_1.4_2"
"file5adc405ab231song.seq_LK1_SongsSeq.fa",26,"N","increasing","1_1.4_2"
"file5adc402def9csong.seq_LK2_SongsSeq.fa",40,"Y","increasing","1_1.4_2"
"file5adc2f7118bdsong.seq_LK3_SongsSeq.fa",34,"Y","increasing","1_1.4_2"
"file5adc41ca6922song.seq_LK4_SongsSeq.fa",40,"Y","increasing","1_1.4_2"
"file5adc1b3e8b2esong.seq_LK5_SongsSeq.fa",36,"Y","increasing","1_1.4_2"
"file5adc2d7c9cecsong.seq_LK6_SongsSeq.fa",29,"Y","increasing","1_1.4_2"
"file5adcbc1a0f3song.seq_LK7_SongsSeq.fa",24,"Y","increasing","1_1.4_2"
"file5adc3b452c17song.seq_LK8_SongsSeq.fa",40,"N","increasing","1_1.4_2"
"file5adc3bf658d0song.seq_LK9_SongsSeq.fa",35,"Y","increasing","1_1.4_2"
"file5adc5a3d0bf2song.seq_LK10_SongsSeq.fa",34,"Y","increasing","1_1.4_2"
"file5adc64b47262song.seq_LK11_SongsSeq.fa",30,"Y","increasing","1_1.4_2"
"file5adc2867cacdsong.seq_LK1_SongsSeq.fa",35,"N","increasing","1_1.4_2"
"file5adc3b06d6dsong.seq_LK2_SongsSeq.fa",40,"N","increasing","1_1.4_2"
"file5adc6080f5e4song.seq_LK3_SongsSeq.fa",40,"N","increasing","1_1.4_2"
"file5adc426f19f2song.seq_LK4_SongsSeq.fa",40,"Y","increasing","1_1.4_2"
"file5adc11dc7c21song.seq_LK5_SongsSeq.fa",29,"N","increasing","1_1.4_2"
"file5adc6c4a9fbfsong.seq_LK6_SongsSeq.fa",30,"Y","increasing","1_1.4_2"
"file5adc76c9c6bfsong.seq_LK7_SongsSeq.fa",36,"Y","increasing","1_1.4_2"
"file5adc34f38fe5song.seq_LK8_SongsSeq.fa",27,"N","increasing","1_1.4_2"
"file5adc11298easong.seq_LK9_SongsSeq.fa",40,"N","increasing","1_1.4_2"
"file5adc656eb9d2song.seq_LK10_SongsSeq.fa",33,"Y","increasing","1_1.4_2"
"file5adc7f59c8ccsong.seq_LK11_SongsSeq.fa",23,"Y","increasing","1_1.4_2"
"file5adc179aac19song.seq_LK1_SongsSeq.fa",38,"N","increasing","1_1.4_2"
"file5adc6b60cdd5song.seq_LK2_SongsSeq.fa",40,"N","increasing","1_1.4_2"
"file5adc422d9abesong.seq_LK3_SongsSeq.fa",40,"N","increasing","1_1.4_2"
"file5adc3127742dsong.seq_LK4_SongsSeq.fa",38,"Y","increasing","1_1.4_2"
"file5adc139ad4c5song.seq_LK5_SongsSeq.fa",27,"Y","increasing","1_1.4_2"
"file5adcd69b468song.seq_LK6_SongsSeq.fa",18,"N","increasing","1_1.4_2"
"file5adc57a9ee2song.seq_LK7_SongsSeq.fa",40,"Y","increasing","1_1.4_2"
"file5adc488c3d5esong.seq_LK8_SongsSeq.fa",28,"Y","increasing","1_1.4_2"
"file5adcabd2fa7song.seq_LK9_SongsSeq.fa",40,"Y","increasing","1_1.4_2"
"file5adc45d55113song.seq_LK10_SongsSeq.fa",22,"Y","increasing","1_1.4_2"
"file5adc8ba2cfasong.seq_LK11_SongsSeq.fa",25,"Y","increasing","1_1.4_2"
"file5adc3a2e4865song.seq_LK1_SongsSeq.fa",37,"Y","increasing","1_1.4_2"
"file5adc79fba36song.seq_LK2_SongsSeq.fa",38,"Y","increasing","1_1.4_2"
"file5adc23f8b829song.seq_LK3_SongsSeq.fa",40,"Y","increasing","1_1.4_2"
"file5adc67aae551song.seq_LK4_SongsSeq.fa",40,"N","increasing","1_1.4_2"
"file5adc13615b29song.seq_LK5_SongsSeq.fa",34,"Y","increasing","1_1.4_2"
"file5adc5f3de440song.seq_LK6_SongsSeq.fa",30,"Y","increasing","1_1.4_2"
"file5adc23a13e22song.seq_LK7_SongsSeq.fa",40,"Y","increasing","1_1.4_2"
"file5adc6d9e671bsong.seq_LK8_SongsSeq.fa",30,"N","increasing","1_1.4_2"
"file5adc43f256a2song.seq_LK9_SongsSeq.fa",40,"N","increasing","1_1.4_2"
"file5adc4c0908efsong.seq_LK10_SongsSeq.fa",37,"N","increasing","1_1.4_2"
"file5adc714ed488song.seq_LK11_SongsSeq.fa",21,"N","increasing","1_1.4_2"
"file5adc24734c87song.seq_LK1_SongsSeq.fa",19,"Y","increasing","1_1.4_2"
"file5adce7822e2song.seq_LK2_SongsSeq.fa",34,"Y","increasing","1_1.4_2"
"file5adc32b50a9song.seq_LK3_SongsSeq.fa",40,"Y","increasing","1_1.4_2"
"file5adc10bdec46song.seq_LK4_SongsSeq.fa",32,"N","increasing","1_1.4_2"
"file5adc541e9a1song.seq_LK5_SongsSeq.fa",31,"N","increasing","1_1.4_2"
"file5adc381ee08esong.seq_LK6_SongsSeq.fa",21,"Y","increasing","1_1.4_2"
"file5adc11d08530song.seq_LK7_SongsSeq.fa",33,"N","increasing","1_1.4_2"
"file5adc6ab0a373song.seq_LK8_SongsSeq.fa",25,"Y","increasing","1_1.4_2"
"file5adc3778a95asong.seq_LK9_SongsSeq.fa",40,"N","increasing","1_1.4_2"
"file5adc296b3149song.seq_LK10_SongsSeq.fa",25,"Y","increasing","1_1.4_2"
"file5adc56117149song.seq_LK11_SongsSeq.fa",21,"N","increasing","1_1.4_2"
"file5adc79a64418song.seq_LK1_SongsSeq.fa",18,"Y","increasing","1_1.4_2"
"file5adc5a92a577song.seq_LK2_SongsSeq.fa",39,"Y","increasing","1_1.4_2"
"file5adc69ac460esong.seq_LK3_SongsSeq.fa",33,"Y","increasing","1_1.4_2"
"file5adc70ff881song.seq_LK4_SongsSeq.fa",40,"Y","increasing","1_1.4_2"
"file5adc600d4459song.seq_LK5_SongsSeq.fa",34,"Y","increasing","1_1.4_2"
"file5adc3238836csong.seq_LK6_SongsSeq.fa",22,"Y","increasing","1_1.4_2"
"file5adc11cd2828song.seq_LK7_SongsSeq.fa",28,"Y","increasing","1_1.4_2"
"file5adc25e2956dsong.seq_LK8_SongsSeq.fa",36,"N","increasing","1_1.4_2"
"file5adc3af2b067song.seq_LK9_SongsSeq.fa",40,"Y","increasing","1_1.4_2"
"file5adc4bfb708dsong.seq_LK10_SongsSeq.fa",31,"Y","increasing","1_1.4_2"
"file5adc2d824fa3song.seq_LK11_SongsSeq.fa",19,"Y","increasing","1_1.4_2"
"file5adc5eeb6890song.seq_LK1_SongsSeq.fa",29,"Y","increasing","1_1.4_2"
"file5adc33a655dfsong.seq_LK2_SongsSeq.fa",33,"Y","increasing","1_1.4_2"
"file5adc40e3aaccsong.seq_LK3_SongsSeq.fa",37,"Y","increasing","1_1.4_2"
"file5adc3e294cd0song.seq_LK4_SongsSeq.fa",39,"Y","increasing","1_1.4_2"
"file5adc57479401song.seq_LK5_SongsSeq.fa",40,"Y","increasing","1_1.4_2"
"file5adc2e8211e7song.seq_LK6_SongsSeq.fa",25,"Y","increasing","1_1.4_2"
"file5adc21ba372song.seq_LK7_SongsSeq.fa",36,"Y","increasing","1_1.4_2"
"file5adc23509cf0song.seq_LK8_SongsSeq.fa",37,"Y","increasing","1_1.4_2"
"file5adc1fd0e66fsong.seq_LK9_SongsSeq.fa",40,"Y","increasing","1_1.4_2"
"file5adc268eeff9song.seq_LK10_SongsSeq.fa",27,"Y","increasing","1_1.4_2"
"file5adc31c8bfd2song.seq_LK11_SongsSeq.fa",36,"Y","increasing","1_1.4_2"
"file5adc22fc3718song.seq_LK1_SongsSeq.fa",25,"Y","increasing","1_1.4_2"
"file5adc374cdc3fsong.seq_LK2_SongsSeq.fa",39,"Y","increasing","1_1.4_2"
"file5adc370aa974song.seq_LK3_SongsSeq.fa",40,"N","increasing","1_1.4_2"
"file5adc5b1b17a7song.seq_LK4_SongsSeq.fa",30,"Y","increasing","1_1.4_2"
"file5adc491d616fsong.seq_LK5_SongsSeq.fa",24,"N","increasing","1_1.4_2"
"file5adc21bb4ce7song.seq_LK6_SongsSeq.fa",33,"N","increasing","1_1.4_2"
"file5adc1293c101song.seq_LK7_SongsSeq.fa",32,"N","increasing","1_1.4_2"
"file5adc728892b9song.seq_LK8_SongsSeq.fa",25,"Y","increasing","1_1.4_2"
"file5adc77ccbe30song.seq_LK9_SongsSeq.fa",40,"Y","increasing","1_1.4_2"
"file5adcc3a051asong.seq_LK10_SongsSeq.fa",34,"Y","increasing","1_1.4_2"
"file5adc4d1b3830song.seq_LK11_SongsSeq.fa",21,"Y","increasing","1_1.4_2"
"file5adc6179043esong.seq_LK1_SongsSeq.fa",31,"N","increasing","1_1.4_2"
"file5adc1349fd9bsong.seq_LK2_SongsSeq.fa",30,"Y","increasing","1_1.4_2"
"file5adc2d287c89song.seq_LK3_SongsSeq.fa",40,"Y","increasing","1_1.4_2"
"file5adc13b187absong.seq_LK4_SongsSeq.fa",40,"Y","increasing","1_1.4_2"
"file5adc251725c3song.seq_LK5_SongsSeq.fa",26,"Y","increasing","1_1.4_2"
"file5adc530b11f6song.seq_LK6_SongsSeq.fa",28,"Y","increasing","1_1.4_2"
"file5adc4ea43812song.seq_LK7_SongsSeq.fa",26,"N","increasing","1_1.4_2"
"file5adc71129651song.seq_LK8_SongsSeq.fa",31,"Y","increasing","1_1.4_2"
"file5adc8d6199song.seq_LK9_SongsSeq.fa",40,"N","increasing","1_1.4_2"
"file5adc2d8fa0a2song.seq_LK10_SongsSeq.fa",37,"Y","increasing","1_1.4_2"
"file5adc24b8ec30song.seq_LK11_SongsSeq.fa",31,"Y","increasing","1_1.4_2"
"file5adc41710c65song.seq_LK1_SongsSeq.fa",30,"N","increasing","1_1.4_2"
"file5adc6bb8ed72song.seq_LK2_SongsSeq.fa",40,"Y","increasing","1_1.4_2"
"file5adc7c008031song.seq_LK3_SongsSeq.fa",40,"Y","increasing","1_1.4_2"
"file5adc6ff31e4csong.seq_LK4_SongsSeq.fa",40,"Y","increasing","1_1.4_2"
"file5adc6dd490e4song.seq_LK5_SongsSeq.fa",25,"Y","increasing","1_1.4_2"
"file5adc1f511d21song.seq_LK6_SongsSeq.fa",29,"Y","increasing","1_1.4_2"
"file5adcfc404bbsong.seq_LK7_SongsSeq.fa",40,"Y","increasing","1_1.4_2"
"file5adc146380desong.seq_LK8_SongsSeq.fa",32,"Y","increasing","1_1.4_2"
"file5adc5119dcf4song.seq_LK9_SongsSeq.fa",40,"N","increasing","1_1.4_2"
"file5adc32c03bd4song.seq_LK10_SongsSeq.fa",21,"Y","increasing","1_1.4_2"
"file5adc4bb05d1dsong.seq_LK11_SongsSeq.fa",33,"N","increasing","1_1.4_2"
"file5adc8248668song.seq_LK1_SongsSeq.fa",19,"N","increasing","1_1.4_2"
"file5adcddb537bsong.seq_LK2_SongsSeq.fa",40,"Y","increasing","1_1.4_2"
"file5adc14cdbe8dsong.seq_LK3_SongsSeq.fa",39,"N","increasing","1_1.4_2"
"file5adc29dfd34fsong.seq_LK4_SongsSeq.fa",40,"Y","increasing","1_1.4_2"
"file5adc206f147csong.seq_LK5_SongsSeq.fa",17,"Y","increasing","1_1.4_2"
"file5adc7565146song.seq_LK6_SongsSeq.fa",25,"N","increasing","1_1.4_2"
"file5adc21ac9180song.seq_LK7_SongsSeq.fa",32,"N","increasing","1_1.4_2"
"file5adc2ca91996song.seq_LK8_SongsSeq.fa",33,"N","increasing","1_1.4_2"
"file5adc54718976song.seq_LK9_SongsSeq.fa",40,"Y","increasing","1_1.4_2"
"file5adc32595besong.seq_LK10_SongsSeq.fa",39,"Y","increasing","1_1.4_2"
"file5adc3ff31731song.seq_LK11_SongsSeq.fa",28,"Y","increasing","1_1.4_2"
"file5adc19a05ffsong.seq_LK1_SongsSeq.fa",40,"Y","increasing","1_1.4_2"
"file5adc16d71d69song.seq_LK2_SongsSeq.fa",24,"Y","increasing","1_1.4_2"
"file5adc650a3cf5song.seq_LK3_SongsSeq.fa",40,"Y","increasing","1_1.4_2"
"file5adc54a517f6song.seq_LK4_SongsSeq.fa",36,"Y","increasing","1_1.4_2"
"file5adc657b557bsong.seq_LK5_SongsSeq.fa",34,"Y","increasing","1_1.4_2"
"file5adc561cd346song.seq_LK6_SongsSeq.fa",38,"N","increasing","1_1.4_2"
"file5adc5532798fsong.seq_LK7_SongsSeq.fa",31,"N","increasing","1_1.4_2"
"file5adc130af61dsong.seq_LK8_SongsSeq.fa",36,"Y","increasing","1_1.4_2"
"file5adc7ad5bf76song.seq_LK9_SongsSeq.fa",40,"Y","increasing","1_1.4_2"
"file5adc16a385f5song.seq_LK10_SongsSeq.fa",29,"Y","increasing","1_1.4_2"
"file5adc7ec3e38fsong.seq_LK11_SongsSeq.fa",32,"Y","increasing","1_1.4_2"
"file5adc76d63fa7song.seq_LK1_SongsSeq.fa",39,"Y","increasing","1_1.4_2"
"file5adc696a441song.seq_LK2_SongsSeq.fa",31,"Y","increasing","1_1.4_2"
"file5adc6c987474song.seq_LK3_SongsSeq.fa",34,"Y","increasing","1_1.4_2"
"file5adc16275cc8song.seq_LK4_SongsSeq.fa",40,"N","increasing","1_1.4_2"
"file5adc165aa8fdsong.seq_LK5_SongsSeq.fa",20,"Y","increasing","1_1.4_2"
"file5adcfbf552song.seq_LK6_SongsSeq.fa",31,"N","increasing","1_1.4_2"
"file5adc674139bcsong.seq_LK7_SongsSeq.fa",30,"Y","increasing","1_1.4_2"
"file5adc491ae4d1song.seq_LK8_SongsSeq.fa",20,"N","increasing","1_1.4_2"
"file5adc4cac526fsong.seq_LK9_SongsSeq.fa",40,"Y","increasing","1_1.4_2"
"file5adc6f65c024song.seq_LK10_SongsSeq.fa",40,"Y","increasing","1_1.4_2"
"file5adc56f6384csong.seq_LK11_SongsSeq.fa",28,"Y","increasing","1_1.4_2"
"file5adc617a10fcsong.seq_LK1_SongsSeq.fa",39,"Y","increasing","1_1.4_2"
"file5adc19459374song.seq_LK2_SongsSeq.fa",40,"Y","increasing","1_1.4_2"
"file5adc77654cc8song.seq_LK3_SongsSeq.fa",40,"N","increasing","1_1.4_2"
"file5adc68d06242song.seq_LK4_SongsSeq.fa",40,"N","increasing","1_1.4_2"
"file5adc3af224f4song.seq_LK5_SongsSeq.fa",19,"N","increasing","1_1.4_2"
"file5adc240e665fsong.seq_LK6_SongsSeq.fa",30,"N","increasing","1_1.4_2"
"file5adc3d41ebb8song.seq_LK7_SongsSeq.fa",37,"N","increasing","1_1.4_2"
"file5adc3e17bab2song.seq_LK8_SongsSeq.fa",28,"Y","increasing","1_1.4_2"
"file5adc64017d90song.seq_LK9_SongsSeq.fa",40,"Y","increasing","1_1.4_2"
"file5adc3edbf1b8song.seq_LK10_SongsSeq.fa",24,"Y","increasing","1_1.4_2"
"file5adc54eed81csong.seq_LK11_SongsSeq.fa",34,"Y","increasing","1_1.4_2"
